2924 2988
32 32 32

2 1 62 61 64 OR
2 1 60 59 65 OR
2 1 64 65 66 OR
2 1 58 57 67 OR
2 1 56 55 68 OR
2 1 67 68 69 OR
2 1 66 69 70 OR
2 1 62 61 71 AND
2 1 60 59 72 AND
2 1 71 72 73 AND
2 1 58 57 74 AND
2 1 56 55 75 AND
2 1 74 75 76 AND
2 1 73 76 77 OR
1 1 77 78 INV
2 1 70 78 79 AND
2 1 30 29 80 OR
2 1 28 27 81 OR
2 1 80 81 82 OR
2 1 26 25 83 OR
2 1 24 23 84 OR
2 1 83 84 85 OR
2 1 82 85 86 OR
2 1 21 20 87 OR
2 1 22 87 88 OR
2 1 19 18 89 OR
2 1 17 16 90 OR
2 1 89 90 91 OR
2 1 88 91 92 OR
2 1 15 14 93 OR
2 1 13 12 94 OR
2 1 93 94 95 OR
2 1 11 10 96 OR
2 1 9 8 97 OR
2 1 96 97 98 OR
2 1 95 98 99 OR
2 1 7 6 100 OR
2 1 5 4 101 OR
2 1 100 101 102 OR
2 1 3 2 103 OR
2 1 1 0 104 OR
2 1 103 104 105 OR
2 1 102 105 106 OR
2 1 99 106 107 OR
2 1 92 107 108 OR
1 1 108 109 INV
2 1 86 109 110 OR
2 1 110 30 111 AND
2 1 53 52 112 OR
2 1 54 112 113 OR
2 1 51 50 114 OR
2 1 49 48 115 OR
2 1 114 115 116 OR
2 1 113 116 117 OR
2 1 47 46 118 OR
2 1 45 44 119 OR
2 1 118 119 120 OR
2 1 43 42 121 OR
2 1 41 40 122 OR
2 1 121 122 123 OR
2 1 120 123 124 OR
2 1 39 38 125 OR
2 1 37 36 126 OR
2 1 125 126 127 OR
2 1 35 34 128 OR
2 1 33 32 129 OR
2 1 128 129 130 OR
2 1 127 130 131 OR
2 1 124 131 132 OR
2 1 117 132 133 OR
1 1 133 134 INV
2 1 70 134 135 OR
2 1 135 61 136 AND
2 1 135 60 137 AND
2 1 135 59 138 AND
2 1 135 58 139 AND
2 1 135 57 140 AND
2 1 135 56 141 AND
2 1 135 55 142 XOR
2 1 110 23 143 XOR
1 1 143 144 INV
2 1 142 144 145 AND
1 1 145 146 INV
2 1 141 146 147 XOR
2 1 110 24 148 AND
2 1 148 145 149 XOR
2 1 147 149 150 AND
2 1 150 146 151 XOR
2 1 140 151 152 XOR
2 1 110 25 153 AND
2 1 153 151 154 XOR
1 1 154 155 INV
2 1 152 155 156 AND
2 1 156 151 157 XOR
2 1 139 157 158 XOR
2 1 110 26 159 AND
2 1 159 157 160 XOR
1 1 160 161 INV
2 1 158 161 162 AND
2 1 162 157 163 XOR
2 1 138 163 164 XOR
2 1 110 27 165 AND
2 1 165 163 166 XOR
1 1 166 167 INV
2 1 164 167 168 AND
2 1 168 163 169 XOR
2 1 137 169 170 XOR
2 1 110 28 171 AND
2 1 171 169 172 XOR
1 1 172 173 INV
2 1 170 173 174 AND
2 1 174 169 175 XOR
2 1 136 175 176 XOR
2 1 110 29 177 AND
2 1 177 175 178 XOR
1 1 178 179 INV
2 1 176 179 180 AND
2 1 180 175 181 XOR
2 1 111 181 182 XOR
2 1 135 62 183 AND
2 1 182 183 184 XOR
2 1 178 136 185 XOR
2 1 184 185 186 AND
2 1 172 137 187 XOR
2 1 166 138 188 XOR
2 1 187 188 189 AND
2 1 186 189 190 AND
1 1 190 191 INV
2 1 160 139 192 XOR
2 1 154 140 193 XOR
2 1 192 193 194 AND
1 1 194 195 INV
2 1 141 149 196 XOR
2 1 143 142 197 XOR
2 1 196 197 198 OR
2 1 195 198 199 OR
2 1 191 199 200 OR
1 1 32 201 INV
2 1 201 0 202 AND
1 1 202 203 INV
2 1 33 203 204 XOR
2 1 1 202 205 XOR
2 1 204 205 206 AND
2 1 206 203 207 XOR
2 1 34 207 208 XOR
2 1 2 207 209 XOR
1 1 209 210 INV
2 1 208 210 211 AND
2 1 211 207 212 XOR
2 1 35 212 213 XOR
2 1 3 212 214 XOR
1 1 214 215 INV
2 1 213 215 216 AND
2 1 216 212 217 XOR
2 1 36 217 218 XOR
2 1 4 217 219 XOR
1 1 219 220 INV
2 1 218 220 221 AND
2 1 221 217 222 XOR
2 1 37 222 223 XOR
2 1 5 222 224 XOR
1 1 224 225 INV
2 1 223 225 226 AND
2 1 226 222 227 XOR
2 1 38 227 228 XOR
2 1 6 227 229 XOR
1 1 229 230 INV
2 1 228 230 231 AND
2 1 231 227 232 XOR
2 1 39 232 233 XOR
2 1 7 232 234 XOR
1 1 234 235 INV
2 1 233 235 236 AND
2 1 236 232 237 XOR
2 1 40 237 238 XOR
2 1 8 237 239 XOR
1 1 239 240 INV
2 1 238 240 241 AND
2 1 241 237 242 XOR
2 1 41 242 243 XOR
2 1 9 242 244 XOR
1 1 244 245 INV
2 1 243 245 246 AND
2 1 246 242 247 XOR
2 1 42 247 248 XOR
2 1 10 247 249 XOR
1 1 249 250 INV
2 1 248 250 251 AND
2 1 251 247 252 XOR
2 1 43 252 253 XOR
2 1 11 252 254 XOR
1 1 254 255 INV
2 1 253 255 256 AND
2 1 256 252 257 XOR
2 1 44 257 258 XOR
2 1 12 257 259 XOR
1 1 259 260 INV
2 1 258 260 261 AND
2 1 261 257 262 XOR
2 1 45 262 263 XOR
2 1 13 262 264 XOR
1 1 264 265 INV
2 1 263 265 266 AND
2 1 266 262 267 XOR
2 1 46 267 268 XOR
2 1 14 267 269 XOR
1 1 269 270 INV
2 1 268 270 271 AND
2 1 271 267 272 XOR
2 1 47 272 273 XOR
2 1 15 272 274 XOR
1 1 274 275 INV
2 1 273 275 276 AND
2 1 276 272 277 XOR
2 1 48 277 278 XOR
2 1 16 277 279 XOR
1 1 279 280 INV
2 1 278 280 281 AND
2 1 281 277 282 XOR
2 1 49 282 283 XOR
2 1 17 282 284 XOR
1 1 284 285 INV
2 1 283 285 286 AND
2 1 286 282 287 XOR
2 1 50 287 288 XOR
2 1 18 287 289 XOR
1 1 289 290 INV
2 1 288 290 291 AND
2 1 291 287 292 XOR
2 1 51 292 293 XOR
2 1 19 292 294 XOR
1 1 294 295 INV
2 1 293 295 296 AND
2 1 296 292 297 XOR
2 1 52 297 298 XOR
2 1 20 297 299 XOR
1 1 299 300 INV
2 1 298 300 301 AND
2 1 301 297 302 XOR
2 1 53 302 303 XOR
2 1 21 302 304 XOR
1 1 304 305 INV
2 1 303 305 306 AND
2 1 306 302 307 XOR
2 1 54 307 308 XOR
2 1 22 307 309 XOR
1 1 309 310 INV
2 1 308 310 311 AND
2 1 311 307 312 XOR
2 1 79 312 313 XOR
2 1 30 29 314 AND
2 1 28 27 315 AND
2 1 314 315 316 AND
2 1 26 25 317 AND
2 1 24 23 318 AND
2 1 317 318 319 AND
2 1 316 319 320 AND
1 1 320 321 INV
2 1 86 321 322 AND
2 1 322 312 323 XOR
1 1 323 324 INV
2 1 313 324 325 AND
2 1 325 312 326 XOR
2 1 200 326 327 OR
2 1 183 181 328 XOR
1 1 182 329 INV
2 1 328 329 330 AND
2 1 330 181 331 XOR
2 1 327 331 332 AND
1 1 332 333 INV
2 1 322 79 334 XOR
2 1 333 334 335 AND
2 1 79 335 336 XOR
2 1 22 54 337 XOR
2 1 333 337 338 AND
2 1 54 338 339 XOR
2 1 21 53 340 XOR
2 1 333 340 341 AND
2 1 53 341 342 XOR
2 1 20 52 343 XOR
2 1 333 343 344 AND
2 1 52 344 345 XOR
2 1 19 51 346 XOR
2 1 333 346 347 AND
2 1 51 347 348 XOR
2 1 18 50 349 XOR
2 1 333 349 350 AND
2 1 50 350 351 XOR
2 1 17 49 352 XOR
2 1 333 352 353 AND
2 1 49 353 354 XOR
2 1 16 48 355 XOR
2 1 333 355 356 AND
2 1 48 356 357 XOR
2 1 15 47 358 XOR
2 1 333 358 359 AND
2 1 47 359 360 XOR
2 1 14 46 361 XOR
2 1 333 361 362 AND
2 1 46 362 363 XOR
2 1 13 45 364 XOR
2 1 333 364 365 AND
2 1 45 365 366 XOR
2 1 12 44 367 XOR
2 1 333 367 368 AND
2 1 44 368 369 XOR
2 1 11 43 370 XOR
2 1 333 370 371 AND
2 1 43 371 372 XOR
2 1 10 42 373 XOR
2 1 333 373 374 AND
2 1 42 374 375 XOR
2 1 9 41 376 XOR
2 1 333 376 377 AND
2 1 41 377 378 XOR
2 1 8 40 379 XOR
2 1 333 379 380 AND
2 1 40 380 381 XOR
2 1 7 39 382 XOR
2 1 333 382 383 AND
2 1 39 383 384 XOR
2 1 6 38 385 XOR
2 1 333 385 386 AND
2 1 38 386 387 XOR
2 1 5 37 388 XOR
2 1 333 388 389 AND
2 1 37 389 390 XOR
2 1 4 36 391 XOR
2 1 333 391 392 AND
2 1 36 392 393 XOR
2 1 3 35 394 XOR
2 1 333 394 395 AND
2 1 35 395 396 XOR
2 1 2 34 397 XOR
2 1 333 397 398 AND
2 1 34 398 399 XOR
2 1 1 33 400 XOR
2 1 333 400 401 AND
2 1 33 401 402 XOR
2 1 0 32 403 XOR
2 1 333 403 404 AND
2 1 32 404 405 XOR
2 1 0 404 406 XOR
2 1 197 406 407 AND
2 1 333 197 408 AND
2 1 196 408 409 XOR
2 1 1 401 410 XOR
2 1 2 398 411 XOR
2 1 411 410 412 XOR
2 1 197 412 413 AND
2 1 410 413 414 XOR
2 1 414 407 415 XOR
2 1 409 415 416 AND
2 1 407 416 417 XOR
1 1 198 418 INV
2 1 332 418 419 OR
2 1 419 193 420 XOR
2 1 3 395 421 XOR
2 1 4 392 422 XOR
2 1 421 422 423 XOR
2 1 197 423 424 AND
2 1 421 424 425 XOR
2 1 5 389 426 XOR
2 1 6 386 427 XOR
2 1 427 426 428 XOR
2 1 197 428 429 AND
2 1 426 429 430 XOR
2 1 430 425 431 XOR
2 1 409 431 432 AND
2 1 425 432 433 XOR
2 1 433 417 434 XOR
2 1 420 434 435 AND
2 1 417 435 436 XOR
2 1 418 193 437 AND
2 1 332 437 438 OR
2 1 438 192 439 XOR
2 1 7 383 440 XOR
2 1 8 380 441 XOR
2 1 440 441 442 XOR
2 1 197 442 443 AND
2 1 440 443 444 XOR
2 1 9 377 445 XOR
2 1 10 374 446 XOR
2 1 445 446 447 XOR
2 1 197 447 448 AND
2 1 445 448 449 XOR
2 1 449 444 450 XOR
2 1 409 450 451 AND
2 1 444 451 452 XOR
2 1 11 371 453 XOR
2 1 12 368 454 XOR
2 1 454 453 455 XOR
2 1 197 455 456 AND
2 1 453 456 457 XOR
2 1 13 365 458 XOR
2 1 14 362 459 XOR
2 1 459 458 460 XOR
2 1 197 460 461 AND
2 1 458 461 462 XOR
2 1 462 457 463 XOR
2 1 409 463 464 AND
2 1 457 464 465 XOR
2 1 465 452 466 XOR
2 1 420 466 467 AND
2 1 452 467 468 XOR
2 1 468 436 469 XOR
2 1 439 469 470 AND
2 1 436 470 471 XOR
2 1 437 192 472 AND
2 1 332 472 473 OR
2 1 473 188 474 XOR
2 1 15 359 475 XOR
2 1 16 356 476 XOR
2 1 476 475 477 XOR
2 1 197 477 478 AND
2 1 475 478 479 XOR
2 1 17 353 480 XOR
2 1 18 350 481 XOR
2 1 480 481 482 XOR
2 1 197 482 483 AND
2 1 480 483 484 XOR
2 1 484 479 485 XOR
2 1 409 485 486 AND
2 1 479 486 487 XOR
2 1 19 347 488 XOR
2 1 20 344 489 XOR
2 1 489 488 490 XOR
2 1 197 490 491 AND
2 1 488 491 492 XOR
2 1 21 341 493 XOR
2 1 22 338 494 XOR
2 1 493 494 495 XOR
2 1 197 495 496 AND
2 1 493 496 497 XOR
2 1 497 492 498 XOR
2 1 409 498 499 AND
2 1 492 499 500 XOR
2 1 500 487 501 XOR
2 1 420 501 502 AND
2 1 487 502 503 XOR
1 1 420 504 INV
1 1 409 505 INV
1 1 197 506 INV
2 1 322 335 507 XOR
2 1 506 507 508 AND
2 1 505 508 509 AND
2 1 504 509 510 AND
2 1 510 503 511 XOR
2 1 439 511 512 AND
2 1 503 512 513 XOR
2 1 513 471 514 XOR
2 1 474 514 515 AND
2 1 471 515 516 XOR
2 1 410 406 517 XOR
2 1 197 517 518 AND
2 1 406 518 519 XOR
2 1 409 519 520 AND
2 1 411 421 521 XOR
2 1 197 521 522 AND
2 1 411 522 523 XOR
2 1 422 426 524 XOR
2 1 197 524 525 AND
2 1 422 525 526 XOR
2 1 526 523 527 XOR
2 1 409 527 528 AND
2 1 523 528 529 XOR
2 1 529 520 530 XOR
2 1 420 530 531 AND
2 1 520 531 532 XOR
2 1 427 440 533 XOR
2 1 197 533 534 AND
2 1 427 534 535 XOR
2 1 441 445 536 XOR
2 1 197 536 537 AND
2 1 441 537 538 XOR
2 1 538 535 539 XOR
2 1 409 539 540 AND
2 1 535 540 541 XOR
2 1 446 453 542 XOR
2 1 197 542 543 AND
2 1 446 543 544 XOR
2 1 454 458 545 XOR
2 1 197 545 546 AND
2 1 454 546 547 XOR
2 1 547 544 548 XOR
2 1 409 548 549 AND
2 1 544 549 550 XOR
2 1 550 541 551 XOR
2 1 420 551 552 AND
2 1 541 552 553 XOR
2 1 553 532 554 XOR
2 1 439 554 555 AND
2 1 532 555 556 XOR
2 1 475 459 557 XOR
2 1 197 557 558 AND
2 1 459 558 559 XOR
2 1 480 476 560 XOR
2 1 197 560 561 AND
2 1 476 561 562 XOR
2 1 562 559 563 XOR
2 1 409 563 564 AND
2 1 559 564 565 XOR
2 1 488 481 566 XOR
2 1 197 566 567 AND
2 1 481 567 568 XOR
2 1 489 493 569 XOR
2 1 197 569 570 AND
2 1 489 570 571 XOR
2 1 571 568 572 XOR
2 1 409 572 573 AND
2 1 568 573 574 XOR
2 1 574 565 575 XOR
2 1 420 575 576 AND
2 1 565 576 577 XOR
2 1 507 494 578 XOR
2 1 197 578 579 AND
2 1 494 579 580 XOR
2 1 505 580 581 AND
2 1 504 581 582 AND
2 1 582 577 583 XOR
2 1 439 583 584 AND
2 1 577 584 585 XOR
2 1 585 556 586 XOR
2 1 474 586 587 AND
2 1 556 587 588 XOR
2 1 516 588 589 XOR
1 1 184 590 INV
2 1 472 188 591 AND
2 1 591 187 592 AND
2 1 592 185 593 AND
2 1 184 593 594 XOR
2 1 594 590 595 XOR
2 1 333 595 596 AND
2 1 590 596 597 XOR
1 1 185 598 INV
2 1 185 592 599 XOR
2 1 599 598 600 XOR
2 1 333 600 601 AND
2 1 598 601 602 XOR
1 1 187 603 INV
2 1 187 591 604 XOR
2 1 604 603 605 XOR
2 1 333 605 606 AND
2 1 603 606 607 XOR
2 1 197 409 608 XOR
1 1 608 609 INV
2 1 609 197 610 AND
2 1 420 610 611 AND
2 1 439 611 612 AND
2 1 474 612 613 AND
2 1 607 613 614 XOR
1 1 613 615 INV
2 1 614 615 616 AND
2 1 616 613 617 XOR
2 1 602 617 618 XOR
1 1 617 619 INV
2 1 618 619 620 AND
2 1 620 617 621 XOR
2 1 597 621 622 XOR
1 1 621 623 INV
2 1 622 623 624 AND
2 1 624 621 625 XOR
1 1 625 626 INV
2 1 589 626 627 AND
2 1 626 588 628 AND
2 1 627 628 629 OR
1 1 629 630 INV
2 1 405 630 631 XOR
2 1 523 519 632 XOR
2 1 409 632 633 AND
2 1 519 633 634 XOR
2 1 535 526 635 XOR
2 1 409 635 636 AND
2 1 526 636 637 XOR
2 1 637 634 638 XOR
2 1 420 638 639 AND
2 1 634 639 640 XOR
2 1 544 538 641 XOR
2 1 409 641 642 AND
2 1 538 642 643 XOR
2 1 559 547 644 XOR
2 1 409 644 645 AND
2 1 547 645 646 XOR
2 1 646 643 647 XOR
2 1 420 647 648 AND
2 1 643 648 649 XOR
2 1 649 640 650 XOR
2 1 439 650 651 AND
2 1 640 651 652 XOR
1 1 439 653 INV
2 1 568 562 654 XOR
2 1 409 654 655 AND
2 1 562 655 656 XOR
2 1 580 571 657 XOR
2 1 409 657 658 AND
2 1 571 658 659 XOR
2 1 659 656 660 XOR
2 1 420 660 661 AND
2 1 656 661 662 XOR
2 1 653 662 663 AND
2 1 663 652 664 XOR
2 1 474 664 665 AND
2 1 652 665 666 XOR
2 1 626 666 667 AND
2 1 629 667 668 XOR
2 1 631 668 669 AND
2 1 669 630 670 XOR
2 1 402 670 671 XOR
2 1 425 414 672 XOR
2 1 409 672 673 AND
2 1 414 673 674 XOR
2 1 444 430 675 XOR
2 1 409 675 676 AND
2 1 430 676 677 XOR
2 1 677 674 678 XOR
2 1 420 678 679 AND
2 1 674 679 680 XOR
2 1 457 449 681 XOR
2 1 409 681 682 AND
2 1 449 682 683 XOR
2 1 479 462 684 XOR
2 1 409 684 685 AND
2 1 462 685 686 XOR
2 1 686 683 687 XOR
2 1 420 687 688 AND
2 1 683 688 689 XOR
2 1 689 680 690 XOR
2 1 439 690 691 AND
2 1 680 691 692 XOR
2 1 492 484 693 XOR
2 1 409 693 694 AND
2 1 484 694 695 XOR
2 1 508 497 696 XOR
2 1 409 696 697 AND
2 1 497 697 698 XOR
2 1 698 695 699 XOR
2 1 420 699 700 AND
2 1 695 700 701 XOR
2 1 653 701 702 AND
2 1 702 692 703 XOR
2 1 474 703 704 AND
2 1 692 704 705 XOR
2 1 626 705 706 AND
2 1 706 670 707 XOR
1 1 707 708 INV
2 1 671 708 709 AND
2 1 709 670 710 XOR
2 1 399 710 711 XOR
2 1 541 529 712 XOR
2 1 420 712 713 AND
2 1 529 713 714 XOR
2 1 565 550 715 XOR
2 1 420 715 716 AND
2 1 550 716 717 XOR
2 1 717 714 718 XOR
2 1 439 718 719 AND
2 1 714 719 720 XOR
2 1 581 574 721 XOR
2 1 420 721 722 AND
2 1 574 722 723 XOR
2 1 653 723 724 AND
2 1 724 720 725 XOR
2 1 474 725 726 AND
2 1 720 726 727 XOR
2 1 626 727 728 AND
2 1 728 710 729 XOR
1 1 729 730 INV
2 1 711 730 731 AND
2 1 731 710 732 XOR
2 1 396 732 733 XOR
2 1 452 433 734 XOR
2 1 420 734 735 AND
2 1 433 735 736 XOR
2 1 487 465 737 XOR
2 1 420 737 738 AND
2 1 465 738 739 XOR
2 1 739 736 740 XOR
2 1 439 740 741 AND
2 1 736 741 742 XOR
2 1 509 500 743 XOR
2 1 420 743 744 AND
2 1 500 744 745 XOR
2 1 653 745 746 AND
2 1 746 742 747 XOR
2 1 474 747 748 AND
2 1 742 748 749 XOR
2 1 626 749 750 AND
2 1 750 732 751 XOR
1 1 751 752 INV
2 1 733 752 753 AND
2 1 753 732 754 XOR
2 1 393 754 755 XOR
2 1 643 637 756 XOR
2 1 420 756 757 AND
2 1 637 757 758 XOR
2 1 656 646 759 XOR
2 1 420 759 760 AND
2 1 646 760 761 XOR
2 1 761 758 762 XOR
2 1 439 762 763 AND
2 1 758 763 764 XOR
2 1 504 659 765 AND
2 1 653 765 766 AND
2 1 766 764 767 XOR
2 1 474 767 768 AND
2 1 764 768 769 XOR
2 1 626 769 770 AND
2 1 770 754 771 XOR
1 1 771 772 INV
2 1 755 772 773 AND
2 1 773 754 774 XOR
2 1 390 774 775 XOR
2 1 683 677 776 XOR
2 1 420 776 777 AND
2 1 677 777 778 XOR
2 1 695 686 779 XOR
2 1 420 779 780 AND
2 1 686 780 781 XOR
2 1 781 778 782 XOR
2 1 439 782 783 AND
2 1 778 783 784 XOR
2 1 504 698 785 AND
2 1 653 785 786 AND
2 1 786 784 787 XOR
2 1 474 787 788 AND
2 1 784 788 789 XOR
2 1 626 789 790 AND
2 1 790 774 791 XOR
1 1 791 792 INV
2 1 775 792 793 AND
2 1 793 774 794 XOR
2 1 387 794 795 XOR
2 1 577 553 796 XOR
2 1 439 796 797 AND
2 1 553 797 798 XOR
2 1 653 582 799 AND
2 1 799 798 800 XOR
2 1 474 800 801 AND
2 1 798 801 802 XOR
2 1 626 802 803 AND
2 1 803 794 804 XOR
1 1 804 805 INV
2 1 795 805 806 AND
2 1 806 794 807 XOR
2 1 384 807 808 XOR
2 1 503 468 809 XOR
2 1 439 809 810 AND
2 1 468 810 811 XOR
2 1 653 510 812 AND
2 1 812 811 813 XOR
2 1 474 813 814 AND
2 1 811 814 815 XOR
2 1 626 815 816 AND
2 1 816 807 817 XOR
1 1 817 818 INV
2 1 808 818 819 AND
2 1 819 807 820 XOR
2 1 381 820 821 XOR
1 1 474 822 INV
2 1 662 649 823 XOR
2 1 439 823 824 AND
2 1 649 824 825 XOR
2 1 822 825 826 AND
2 1 626 826 827 AND
2 1 827 820 828 XOR
1 1 828 829 INV
2 1 821 829 830 AND
2 1 830 820 831 XOR
2 1 378 831 832 XOR
2 1 701 689 833 XOR
2 1 439 833 834 AND
2 1 689 834 835 XOR
2 1 822 835 836 AND
2 1 626 836 837 AND
2 1 837 831 838 XOR
1 1 838 839 INV
2 1 832 839 840 AND
2 1 840 831 841 XOR
2 1 375 841 842 XOR
2 1 723 717 843 XOR
2 1 439 843 844 AND
2 1 717 844 845 XOR
2 1 822 845 846 AND
2 1 626 846 847 AND
2 1 847 841 848 XOR
1 1 848 849 INV
2 1 842 849 850 AND
2 1 850 841 851 XOR
2 1 372 851 852 XOR
2 1 745 739 853 XOR
2 1 439 853 854 AND
2 1 739 854 855 XOR
2 1 822 855 856 AND
2 1 626 856 857 AND
2 1 857 851 858 XOR
1 1 858 859 INV
2 1 852 859 860 AND
2 1 860 851 861 XOR
2 1 369 861 862 XOR
2 1 765 761 863 XOR
2 1 439 863 864 AND
2 1 761 864 865 XOR
2 1 822 865 866 AND
2 1 626 866 867 AND
2 1 867 861 868 XOR
1 1 868 869 INV
2 1 862 869 870 AND
2 1 870 861 871 XOR
2 1 366 871 872 XOR
2 1 785 781 873 XOR
2 1 439 873 874 AND
2 1 781 874 875 XOR
2 1 822 875 876 AND
2 1 626 876 877 AND
2 1 877 871 878 XOR
1 1 878 879 INV
2 1 872 879 880 AND
2 1 880 871 881 XOR
2 1 363 881 882 XOR
2 1 822 585 883 AND
2 1 626 883 884 AND
2 1 884 881 885 XOR
1 1 885 886 INV
2 1 882 886 887 AND
2 1 887 881 888 XOR
2 1 360 888 889 XOR
2 1 822 513 890 AND
2 1 626 890 891 AND
2 1 891 888 892 XOR
1 1 892 893 INV
2 1 889 893 894 AND
2 1 894 888 895 XOR
2 1 357 895 896 XOR
2 1 822 663 897 AND
2 1 626 897 898 AND
2 1 898 895 899 XOR
1 1 899 900 INV
2 1 896 900 901 AND
2 1 901 895 902 XOR
2 1 354 902 903 XOR
2 1 822 702 904 AND
2 1 626 904 905 AND
2 1 905 902 906 XOR
1 1 906 907 INV
2 1 903 907 908 AND
2 1 908 902 909 XOR
2 1 351 909 910 XOR
2 1 822 724 911 AND
2 1 626 911 912 AND
2 1 912 909 913 XOR
1 1 913 914 INV
2 1 910 914 915 AND
2 1 915 909 916 XOR
2 1 348 916 917 XOR
2 1 822 746 918 AND
2 1 626 918 919 AND
2 1 919 916 920 XOR
1 1 920 921 INV
2 1 917 921 922 AND
2 1 922 916 923 XOR
2 1 345 923 924 XOR
2 1 822 766 925 AND
2 1 626 925 926 AND
2 1 926 923 927 XOR
1 1 927 928 INV
2 1 924 928 929 AND
2 1 929 923 930 XOR
2 1 342 930 931 XOR
2 1 822 786 932 AND
2 1 626 932 933 AND
2 1 933 930 934 XOR
1 1 934 935 INV
2 1 931 935 936 AND
2 1 936 930 937 XOR
2 1 339 937 938 XOR
2 1 822 799 939 AND
2 1 626 939 940 AND
2 1 940 937 941 XOR
1 1 941 942 INV
2 1 938 942 943 AND
2 1 943 937 944 XOR
2 1 336 944 945 XOR
2 1 822 812 946 AND
2 1 626 946 947 AND
2 1 947 944 948 XOR
1 1 948 949 INV
2 1 945 949 950 AND
2 1 950 944 951 XOR
2 1 336 949 952 XOR
2 1 405 668 953 XOR
1 1 628 954 INV
2 1 507 494 955 OR
2 1 493 489 956 OR
2 1 488 481 957 OR
2 1 956 957 958 OR
2 1 480 476 959 OR
2 1 475 459 960 OR
2 1 959 960 961 OR
2 1 958 961 962 OR
2 1 955 962 963 OR
2 1 458 454 964 OR
2 1 453 446 965 OR
2 1 964 965 966 OR
2 1 445 441 967 OR
2 1 440 427 968 OR
2 1 967 968 969 OR
2 1 966 969 970 OR
2 1 426 422 971 OR
2 1 421 411 972 OR
2 1 971 972 973 OR
2 1 410 406 974 OR
2 1 973 974 975 OR
2 1 970 975 976 OR
2 1 963 976 977 OR
2 1 198 420 978 XOR
2 1 507 579 979 XOR
2 1 608 979 980 AND
2 1 978 980 981 AND
2 1 439 437 982 XOR
1 1 982 983 INV
2 1 493 570 984 XOR
2 1 488 567 985 XOR
2 1 985 984 986 XOR
2 1 608 986 987 AND
2 1 984 987 988 XOR
2 1 480 561 989 XOR
2 1 475 558 990 XOR
2 1 990 989 991 XOR
2 1 608 991 992 AND
2 1 989 992 993 XOR
2 1 993 988 994 XOR
2 1 978 994 995 AND
2 1 988 995 996 XOR
2 1 996 981 997 XOR
2 1 983 997 998 AND
2 1 981 998 999 XOR
2 1 474 472 1000 XOR
1 1 1000 1001 INV
2 1 458 546 1002 XOR
2 1 453 543 1003 XOR
2 1 1003 1002 1004 XOR
2 1 608 1004 1005 AND
2 1 1002 1005 1006 XOR
2 1 445 537 1007 XOR
2 1 440 534 1008 XOR
2 1 1008 1007 1009 XOR
2 1 608 1009 1010 AND
2 1 1007 1010 1011 XOR
2 1 1011 1006 1012 XOR
2 1 978 1012 1013 AND
2 1 1006 1013 1014 XOR
2 1 426 525 1015 XOR
2 1 421 522 1016 XOR
2 1 1016 1015 1017 XOR
2 1 608 1017 1018 AND
2 1 1015 1018 1019 XOR
2 1 410 518 1020 XOR
2 1 609 1020 1021 AND
2 1 1021 1019 1022 XOR
2 1 978 1022 1023 AND
2 1 1019 1023 1024 XOR
2 1 1024 1014 1025 XOR
2 1 983 1025 1026 AND
2 1 1014 1026 1027 XOR
2 1 1027 999 1028 XOR
2 1 1001 1028 1029 AND
2 1 999 1029 1030 XOR
2 1 197 507 1031 AND
2 1 494 496 1032 XOR
2 1 1032 1031 1033 XOR
2 1 608 1033 1034 AND
2 1 1031 1034 1035 XOR
2 1 978 1035 1036 AND
2 1 489 491 1037 XOR
2 1 481 483 1038 XOR
2 1 1038 1037 1039 XOR
2 1 608 1039 1040 AND
2 1 1037 1040 1041 XOR
2 1 476 478 1042 XOR
2 1 459 461 1043 XOR
2 1 1043 1042 1044 XOR
2 1 608 1044 1045 AND
2 1 1042 1045 1046 XOR
2 1 1046 1041 1047 XOR
2 1 978 1047 1048 AND
2 1 1041 1048 1049 XOR
2 1 1049 1036 1050 XOR
2 1 983 1050 1051 AND
2 1 1036 1051 1052 XOR
2 1 454 456 1053 XOR
2 1 446 448 1054 XOR
2 1 1054 1053 1055 XOR
2 1 608 1055 1056 AND
2 1 1053 1056 1057 XOR
2 1 441 443 1058 XOR
2 1 427 429 1059 XOR
2 1 1059 1058 1060 XOR
2 1 608 1060 1061 AND
2 1 1058 1061 1062 XOR
2 1 1062 1057 1063 XOR
2 1 978 1063 1064 AND
2 1 1057 1064 1065 XOR
2 1 422 424 1066 XOR
2 1 411 413 1067 XOR
2 1 1067 1066 1068 XOR
2 1 608 1068 1069 AND
2 1 1066 1069 1070 XOR
2 1 506 406 1071 AND
2 1 609 1071 1072 AND
2 1 1072 1070 1073 XOR
2 1 978 1073 1074 AND
2 1 1070 1074 1075 XOR
2 1 1075 1065 1076 XOR
2 1 983 1076 1077 AND
2 1 1065 1077 1078 XOR
2 1 1078 1052 1079 XOR
2 1 1001 1079 1080 AND
2 1 1052 1080 1081 XOR
2 1 1030 1081 1082 OR
2 1 984 979 1083 XOR
2 1 608 1083 1084 AND
2 1 979 1084 1085 XOR
2 1 978 1085 1086 AND
2 1 989 985 1087 XOR
2 1 608 1087 1088 AND
2 1 985 1088 1089 XOR
2 1 1002 990 1090 XOR
2 1 608 1090 1091 AND
2 1 990 1091 1092 XOR
2 1 1092 1089 1093 XOR
2 1 978 1093 1094 AND
2 1 1089 1094 1095 XOR
2 1 1095 1086 1096 XOR
2 1 983 1096 1097 AND
2 1 1086 1097 1098 XOR
2 1 1007 1003 1099 XOR
2 1 608 1099 1100 AND
2 1 1003 1100 1101 XOR
2 1 1015 1008 1102 XOR
2 1 608 1102 1103 AND
2 1 1008 1103 1104 XOR
2 1 1104 1101 1105 XOR
2 1 978 1105 1106 AND
2 1 1101 1106 1107 XOR
1 1 978 1108 INV
2 1 1020 1016 1109 XOR
2 1 608 1109 1110 AND
2 1 1016 1110 1111 XOR
2 1 1108 1111 1112 AND
2 1 1112 1107 1113 XOR
2 1 983 1113 1114 AND
2 1 1107 1114 1115 XOR
2 1 1115 1098 1116 XOR
2 1 1001 1116 1117 AND
2 1 1098 1117 1118 XOR
2 1 608 1031 1119 AND
2 1 1037 1032 1120 XOR
2 1 608 1120 1121 AND
2 1 1032 1121 1122 XOR
2 1 1122 1119 1123 XOR
2 1 978 1123 1124 AND
2 1 1119 1124 1125 XOR
2 1 1042 1038 1126 XOR
2 1 608 1126 1127 AND
2 1 1038 1127 1128 XOR
2 1 1053 1043 1129 XOR
2 1 608 1129 1130 AND
2 1 1043 1130 1131 XOR
2 1 1131 1128 1132 XOR
2 1 978 1132 1133 AND
2 1 1128 1133 1134 XOR
2 1 1134 1125 1135 XOR
2 1 983 1135 1136 AND
2 1 1125 1136 1137 XOR
2 1 1058 1054 1138 XOR
2 1 608 1138 1139 AND
2 1 1054 1139 1140 XOR
2 1 1066 1059 1141 XOR
2 1 608 1141 1142 AND
2 1 1059 1142 1143 XOR
2 1 1143 1140 1144 XOR
2 1 978 1144 1145 AND
2 1 1140 1145 1146 XOR
2 1 1071 1067 1147 XOR
2 1 608 1147 1148 AND
2 1 1067 1148 1149 XOR
2 1 1108 1149 1150 AND
2 1 1150 1146 1151 XOR
2 1 983 1151 1152 AND
2 1 1146 1152 1153 XOR
2 1 1153 1137 1154 XOR
2 1 1001 1154 1155 AND
2 1 1137 1155 1156 XOR
2 1 1118 1156 1157 OR
2 1 1082 1157 1158 OR
2 1 988 980 1159 XOR
2 1 978 1159 1160 AND
2 1 980 1160 1161 XOR
2 1 1006 993 1162 XOR
2 1 978 1162 1163 AND
2 1 993 1163 1164 XOR
2 1 1164 1161 1165 XOR
2 1 983 1165 1166 AND
2 1 1161 1166 1167 XOR
2 1 1019 1011 1168 XOR
2 1 978 1168 1169 AND
2 1 1011 1169 1170 XOR
2 1 1108 1021 1171 AND
2 1 1171 1170 1172 XOR
2 1 983 1172 1173 AND
2 1 1170 1173 1174 XOR
2 1 1174 1167 1175 XOR
2 1 1001 1175 1176 AND
2 1 1167 1176 1177 XOR
2 1 1041 1035 1178 XOR
2 1 978 1178 1179 AND
2 1 1035 1179 1180 XOR
2 1 1057 1046 1181 XOR
2 1 978 1181 1182 AND
2 1 1046 1182 1183 XOR
2 1 1183 1180 1184 XOR
2 1 983 1184 1185 AND
2 1 1180 1185 1186 XOR
2 1 1070 1062 1187 XOR
2 1 978 1187 1188 AND
2 1 1062 1188 1189 XOR
2 1 1108 1072 1190 AND
2 1 1190 1189 1191 XOR
2 1 983 1191 1192 AND
2 1 1189 1192 1193 XOR
2 1 1193 1186 1194 XOR
2 1 1001 1194 1195 AND
2 1 1186 1195 1196 XOR
2 1 1177 1196 1197 OR
2 1 1089 1085 1198 XOR
2 1 978 1198 1199 AND
2 1 1085 1199 1200 XOR
2 1 1101 1092 1201 XOR
2 1 978 1201 1202 AND
2 1 1092 1202 1203 XOR
2 1 1203 1200 1204 XOR
2 1 983 1204 1205 AND
2 1 1200 1205 1206 XOR
2 1 1111 1104 1207 XOR
2 1 978 1207 1208 AND
2 1 1104 1208 1209 XOR
2 1 982 1209 1210 AND
2 1 1210 1206 1211 XOR
2 1 1001 1211 1212 AND
2 1 1206 1212 1213 XOR
2 1 1128 1122 1214 XOR
2 1 978 1214 1215 AND
2 1 1122 1215 1216 XOR
2 1 1140 1131 1217 XOR
2 1 978 1217 1218 AND
2 1 1131 1218 1219 XOR
2 1 1219 1216 1220 XOR
2 1 983 1220 1221 AND
2 1 1216 1221 1222 XOR
2 1 1149 1143 1223 XOR
2 1 978 1223 1224 AND
2 1 1143 1224 1225 XOR
2 1 982 1225 1226 AND
2 1 1226 1222 1227 XOR
2 1 1001 1227 1228 AND
2 1 1222 1228 1229 XOR
2 1 1213 1229 1230 OR
2 1 1197 1230 1231 OR
2 1 1158 1231 1232 OR
2 1 1014 996 1233 XOR
2 1 983 1233 1234 AND
2 1 996 1234 1235 XOR
2 1 982 1024 1236 AND
2 1 1236 1235 1237 XOR
2 1 1001 1237 1238 AND
2 1 1235 1238 1239 XOR
2 1 1065 1049 1240 XOR
2 1 983 1240 1241 AND
2 1 1049 1241 1242 XOR
2 1 982 1075 1243 AND
2 1 1243 1242 1244 XOR
2 1 1001 1244 1245 AND
2 1 1242 1245 1246 XOR
2 1 1239 1246 1247 OR
2 1 1107 1095 1248 XOR
2 1 983 1248 1249 AND
2 1 1095 1249 1250 XOR
2 1 982 1112 1251 AND
2 1 1251 1250 1252 XOR
2 1 1001 1252 1253 AND
2 1 1250 1253 1254 XOR
2 1 1146 1134 1255 XOR
2 1 983 1255 1256 AND
2 1 1134 1256 1257 XOR
2 1 982 1150 1258 AND
2 1 1258 1257 1259 XOR
2 1 1001 1259 1260 AND
2 1 1257 1260 1261 XOR
2 1 1254 1261 1262 OR
2 1 1247 1262 1263 OR
2 1 1170 1164 1264 XOR
2 1 983 1264 1265 AND
2 1 1164 1265 1266 XOR
2 1 982 1171 1267 AND
2 1 1267 1266 1268 XOR
2 1 1001 1268 1269 AND
2 1 1266 1269 1270 XOR
2 1 1189 1183 1271 XOR
2 1 983 1271 1272 AND
2 1 1183 1272 1273 XOR
2 1 982 1190 1274 AND
2 1 1274 1273 1275 XOR
2 1 1001 1275 1276 AND
2 1 1273 1276 1277 XOR
2 1 1270 1277 1278 OR
2 1 1209 1203 1279 XOR
2 1 983 1279 1280 AND
2 1 1203 1280 1281 XOR
2 1 1225 1219 1282 XOR
2 1 983 1282 1283 AND
2 1 1219 1283 1284 XOR
2 1 1281 1284 1285 OR
2 1 1285 1000 1286 AND
2 1 1278 1286 1287 OR
2 1 1263 1287 1288 OR
2 1 1232 1288 1289 OR
2 1 1027 1078 1290 OR
2 1 1115 1153 1291 OR
2 1 1290 1291 1292 OR
2 1 1174 1193 1293 OR
2 1 1210 1226 1294 OR
2 1 1293 1294 1295 OR
2 1 1292 1295 1296 OR
2 1 1236 1243 1297 OR
2 1 1251 1258 1298 OR
2 1 1297 1298 1299 OR
2 1 1267 1274 1300 OR
2 1 1299 1300 1301 OR
2 1 1296 1301 1302 OR
2 1 1302 1000 1303 AND
2 1 1289 1303 1304 OR
2 1 1304 200 1305 AND
2 1 1305 977 1306 XOR
2 1 626 1306 1307 AND
2 1 977 1307 1308 XOR
2 1 954 1308 1309 AND
2 1 627 1309 1310 XOR
2 1 1310 1309 1311 AND
2 1 953 1311 1312 XOR
2 1 1312 1311 1313 AND
2 1 402 708 1314 XOR
2 1 1313 1314 1315 XOR
2 1 1315 1313 1316 AND
2 1 399 730 1317 XOR
2 1 1316 1317 1318 XOR
2 1 1318 1316 1319 AND
2 1 396 752 1320 XOR
2 1 1319 1320 1321 XOR
2 1 1321 1319 1322 AND
2 1 393 772 1323 XOR
2 1 1322 1323 1324 XOR
2 1 1324 1322 1325 AND
2 1 390 792 1326 XOR
2 1 1325 1326 1327 XOR
2 1 1327 1325 1328 AND
2 1 387 805 1329 XOR
2 1 1328 1329 1330 XOR
2 1 1330 1328 1331 AND
2 1 384 818 1332 XOR
2 1 1331 1332 1333 XOR
2 1 1333 1331 1334 AND
2 1 381 829 1335 XOR
2 1 1334 1335 1336 XOR
2 1 1336 1334 1337 AND
2 1 378 839 1338 XOR
2 1 1337 1338 1339 XOR
2 1 1339 1337 1340 AND
2 1 375 849 1341 XOR
2 1 1340 1341 1342 XOR
2 1 1342 1340 1343 AND
2 1 372 859 1344 XOR
2 1 1343 1344 1345 XOR
2 1 1345 1343 1346 AND
2 1 369 869 1347 XOR
2 1 1346 1347 1348 XOR
2 1 1348 1346 1349 AND
2 1 366 879 1350 XOR
2 1 1349 1350 1351 XOR
2 1 1351 1349 1352 AND
2 1 363 886 1353 XOR
2 1 1352 1353 1354 XOR
2 1 1354 1352 1355 AND
2 1 360 893 1356 XOR
2 1 1355 1356 1357 XOR
2 1 1357 1355 1358 AND
2 1 357 900 1359 XOR
2 1 1358 1359 1360 XOR
2 1 1360 1358 1361 AND
2 1 354 907 1362 XOR
2 1 1361 1362 1363 XOR
2 1 1363 1361 1364 AND
2 1 351 914 1365 XOR
2 1 1364 1365 1366 XOR
2 1 1366 1364 1367 AND
2 1 348 921 1368 XOR
2 1 1367 1368 1369 XOR
2 1 1369 1367 1370 AND
2 1 345 928 1371 XOR
2 1 1370 1371 1372 XOR
2 1 1372 1370 1373 AND
2 1 342 935 1374 XOR
2 1 1373 1374 1375 XOR
2 1 1375 1373 1376 AND
2 1 339 942 1377 XOR
2 1 1376 1377 1378 XOR
2 1 1378 1376 1379 AND
1 1 1379 1380 INV
2 1 952 1380 1381 XOR
2 1 1381 1379 1382 AND
2 1 1382 1380 1383 XOR
2 1 951 1383 1384 XOR
2 1 31 63 1385 XOR
1 1 1385 1386 INV
2 1 667 405 1387 AND
2 1 706 1387 1388 XOR
2 1 402 1387 1389 XOR
2 1 1388 1389 1390 AND
2 1 1390 1387 1391 XOR
2 1 728 1391 1392 XOR
2 1 399 1391 1393 XOR
2 1 1392 1393 1394 AND
2 1 1394 1391 1395 XOR
2 1 750 1395 1396 XOR
2 1 396 1395 1397 XOR
2 1 1396 1397 1398 AND
2 1 1398 1395 1399 XOR
2 1 770 1399 1400 XOR
2 1 393 1399 1401 XOR
2 1 1400 1401 1402 AND
2 1 1402 1399 1403 XOR
2 1 790 1403 1404 XOR
2 1 390 1403 1405 XOR
2 1 1404 1405 1406 AND
2 1 1406 1403 1407 XOR
2 1 803 1407 1408 XOR
2 1 387 1407 1409 XOR
2 1 1408 1409 1410 AND
2 1 1410 1407 1411 XOR
2 1 816 1411 1412 XOR
2 1 384 1411 1413 XOR
2 1 1412 1413 1414 AND
2 1 1414 1411 1415 XOR
2 1 827 1415 1416 XOR
2 1 381 1415 1417 XOR
2 1 1416 1417 1418 AND
2 1 1418 1415 1419 XOR
2 1 837 1419 1420 XOR
2 1 378 1419 1421 XOR
2 1 1420 1421 1422 AND
2 1 1422 1419 1423 XOR
2 1 847 1423 1424 XOR
2 1 375 1423 1425 XOR
2 1 1424 1425 1426 AND
2 1 1426 1423 1427 XOR
2 1 857 1427 1428 XOR
2 1 372 1427 1429 XOR
2 1 1428 1429 1430 AND
2 1 1430 1427 1431 XOR
2 1 867 1431 1432 XOR
2 1 369 1431 1433 XOR
2 1 1432 1433 1434 AND
2 1 1434 1431 1435 XOR
2 1 877 1435 1436 XOR
2 1 366 1435 1437 XOR
2 1 1436 1437 1438 AND
2 1 1438 1435 1439 XOR
2 1 884 1439 1440 XOR
2 1 363 1439 1441 XOR
2 1 1440 1441 1442 AND
2 1 1442 1439 1443 XOR
2 1 891 1443 1444 XOR
2 1 360 1443 1445 XOR
2 1 1444 1445 1446 AND
2 1 1446 1443 1447 XOR
2 1 898 1447 1448 XOR
2 1 357 1447 1449 XOR
2 1 1448 1449 1450 AND
2 1 1450 1447 1451 XOR
2 1 905 1451 1452 XOR
2 1 354 1451 1453 XOR
2 1 1452 1453 1454 AND
2 1 1454 1451 1455 XOR
2 1 912 1455 1456 XOR
2 1 351 1455 1457 XOR
2 1 1456 1457 1458 AND
2 1 1458 1455 1459 XOR
2 1 919 1459 1460 XOR
2 1 348 1459 1461 XOR
2 1 1460 1461 1462 AND
2 1 1462 1459 1463 XOR
2 1 926 1463 1464 XOR
2 1 345 1463 1465 XOR
2 1 1464 1465 1466 AND
2 1 1466 1463 1467 XOR
2 1 933 1467 1468 XOR
2 1 342 1467 1469 XOR
2 1 1468 1469 1470 AND
2 1 1470 1467 1471 XOR
2 1 940 1471 1472 XOR
2 1 339 1471 1473 XOR
2 1 1472 1473 1474 AND
2 1 1474 1471 1475 XOR
2 1 947 1475 1476 XOR
2 1 336 1475 1477 XOR
2 1 1476 1477 1478 AND
2 1 1478 1475 1479 XOR
2 1 1479 1384 1480 XOR
2 1 1386 1480 1481 AND
2 1 1384 1481 1482 XOR
2 1 111 183 1483 XOR
2 1 333 1483 1484 AND
2 1 183 1484 1485 XOR
2 1 177 136 1486 XOR
2 1 333 1486 1487 AND
2 1 136 1487 1488 XOR
2 1 1485 1488 1489 AND
2 1 171 137 1490 XOR
2 1 333 1490 1491 AND
2 1 137 1491 1492 XOR
2 1 165 138 1493 XOR
2 1 333 1493 1494 AND
2 1 138 1494 1495 XOR
2 1 1492 1495 1496 AND
2 1 1489 1496 1497 AND
2 1 159 139 1498 XOR
2 1 333 1498 1499 AND
2 1 139 1499 1500 XOR
2 1 153 140 1501 XOR
2 1 333 1501 1502 AND
2 1 140 1502 1503 XOR
2 1 1500 1503 1504 AND
2 1 148 141 1505 XOR
2 1 333 1505 1506 AND
2 1 141 1506 1507 XOR
2 1 142 408 1508 XOR
2 1 1507 1508 1509 AND
2 1 1504 1509 1510 AND
2 1 1497 1510 1511 AND
2 1 1482 1511 1512 AND
1 1 1512 1513 INV
2 1 947 1477 1514 XOR
2 1 1381 1514 1515 XOR
2 1 1385 1515 1516 OR
2 1 1516 1381 1517 XOR
1 1 1517 1518 INV
2 1 940 1473 1519 XOR
2 1 1378 1519 1520 XOR
1 1 1520 1521 INV
2 1 1385 1521 1522 OR
2 1 1378 1522 1523 XOR
2 1 1518 1523 1524 AND
2 1 933 1469 1525 XOR
2 1 1375 1525 1526 XOR
1 1 1526 1527 INV
2 1 1385 1527 1528 OR
2 1 1375 1528 1529 XOR
2 1 926 1465 1530 XOR
2 1 1372 1530 1531 XOR
1 1 1531 1532 INV
2 1 1385 1532 1533 OR
2 1 1372 1533 1534 XOR
2 1 1529 1534 1535 AND
2 1 1523 1517 1536 OR
1 1 1536 1537 INV
1 1 1529 1538 INV
2 1 1534 1538 1539 OR
1 1 1539 1540 INV
2 1 1537 1540 1541 AND
2 1 1535 1541 1542 XOR
2 1 1524 1542 1543 AND
2 1 919 1461 1544 XOR
2 1 1369 1544 1545 XOR
1 1 1545 1546 INV
2 1 1385 1546 1547 OR
2 1 1369 1547 1548 XOR
2 1 912 1457 1549 XOR
2 1 1366 1549 1550 XOR
1 1 1550 1551 INV
2 1 1385 1551 1552 OR
2 1 1366 1552 1553 XOR
2 1 1548 1553 1554 AND
2 1 905 1453 1555 XOR
2 1 1363 1555 1556 XOR
1 1 1556 1557 INV
2 1 1385 1557 1558 OR
2 1 1363 1558 1559 XOR
2 1 898 1449 1560 XOR
2 1 1360 1560 1561 XOR
1 1 1561 1562 INV
2 1 1385 1562 1563 OR
2 1 1360 1563 1564 XOR
2 1 1559 1564 1565 AND
1 1 1548 1566 INV
2 1 1553 1566 1567 OR
1 1 1567 1568 INV
1 1 1559 1569 INV
2 1 1564 1569 1570 OR
1 1 1570 1571 INV
2 1 1568 1571 1572 AND
2 1 1565 1572 1573 XOR
2 1 1554 1573 1574 AND
1 1 1542 1575 INV
2 1 1575 1524 1576 AND
2 1 1524 1540 1577 AND
2 1 1537 1577 1578 XOR
2 1 1554 1571 1579 AND
2 1 1568 1579 1580 XOR
2 1 1578 1580 1581 AND
2 1 1576 1581 1582 XOR
1 1 1573 1583 INV
2 1 1583 1554 1584 AND
2 1 1584 1581 1585 XOR
2 1 1582 1585 1586 AND
2 1 1586 1581 1587 XOR
2 1 1574 1587 1588 XOR
2 1 1543 1588 1589 AND
2 1 891 1445 1590 XOR
2 1 1357 1590 1591 XOR
1 1 1591 1592 INV
2 1 1385 1592 1593 OR
2 1 1357 1593 1594 XOR
2 1 884 1441 1595 XOR
2 1 1354 1595 1596 XOR
1 1 1596 1597 INV
2 1 1385 1597 1598 OR
2 1 1354 1598 1599 XOR
2 1 1594 1599 1600 AND
2 1 877 1437 1601 XOR
2 1 1351 1601 1602 XOR
1 1 1602 1603 INV
2 1 1385 1603 1604 OR
2 1 1351 1604 1605 XOR
2 1 867 1433 1606 XOR
2 1 1348 1606 1607 XOR
1 1 1607 1608 INV
2 1 1385 1608 1609 OR
2 1 1348 1609 1610 XOR
2 1 1605 1610 1611 AND
1 1 1594 1612 INV
2 1 1599 1612 1613 OR
1 1 1613 1614 INV
1 1 1605 1615 INV
2 1 1610 1615 1616 OR
1 1 1616 1617 INV
2 1 1614 1617 1618 AND
2 1 1611 1618 1619 XOR
2 1 1600 1619 1620 AND
1 1 1619 1621 INV
2 1 1621 1600 1622 AND
2 1 1600 1617 1623 AND
2 1 1614 1623 1624 XOR
2 1 847 1425 1625 XOR
2 1 1342 1625 1626 XOR
1 1 1626 1627 INV
2 1 1385 1627 1628 OR
2 1 1342 1628 1629 XOR
2 1 857 1429 1630 XOR
2 1 1345 1630 1631 XOR
1 1 1631 1632 INV
2 1 1385 1632 1633 OR
2 1 1345 1633 1634 XOR
1 1 1634 1635 INV
2 1 1629 1635 1636 OR
1 1 1636 1637 INV
2 1 1634 1629 1638 AND
2 1 827 1417 1639 XOR
2 1 1336 1639 1640 XOR
1 1 1640 1641 INV
2 1 1385 1641 1642 OR
2 1 1336 1642 1643 XOR
2 1 837 1421 1644 XOR
2 1 1339 1644 1645 XOR
1 1 1645 1646 INV
2 1 1385 1646 1647 OR
2 1 1339 1647 1648 XOR
1 1 1648 1649 INV
2 1 1643 1649 1650 OR
1 1 1650 1651 INV
2 1 1638 1651 1652 AND
2 1 1637 1652 1653 XOR
2 1 1624 1653 1654 AND
2 1 1622 1654 1655 XOR
2 1 1648 1643 1656 AND
2 1 1637 1651 1657 AND
2 1 1656 1657 1658 XOR
1 1 1658 1659 INV
2 1 1659 1638 1660 AND
2 1 1660 1654 1661 XOR
2 1 1655 1661 1662 AND
2 1 1662 1654 1663 XOR
2 1 1620 1663 1664 XOR
2 1 1638 1658 1665 AND
2 1 1665 1663 1666 XOR
2 1 1664 1666 1667 AND
2 1 1667 1663 1668 XOR
1 1 1588 1669 INV
2 1 1669 1543 1670 AND
2 1 1543 1585 1671 AND
2 1 1576 1671 1672 XOR
2 1 1543 1580 1673 AND
2 1 1578 1673 1674 XOR
2 1 1620 1653 1675 AND
2 1 1624 1675 1676 XOR
2 1 1674 1676 1677 AND
2 1 1672 1677 1678 XOR
2 1 1620 1661 1679 AND
2 1 1622 1679 1680 XOR
2 1 1680 1677 1681 XOR
2 1 1678 1681 1682 AND
2 1 1682 1677 1683 XOR
2 1 1670 1683 1684 XOR
1 1 1666 1685 INV
2 1 1685 1620 1686 AND
2 1 1686 1683 1687 XOR
2 1 1684 1687 1688 AND
2 1 1688 1683 1689 XOR
2 1 1668 1689 1690 XOR
2 1 1589 1690 1691 AND
1 1 1485 1692 INV
1 1 1488 1693 INV
1 1 1492 1694 INV
1 1 1690 1695 INV
2 1 1695 1589 1696 AND
2 1 816 1413 1697 XOR
2 1 1333 1697 1698 XOR
1 1 1698 1699 INV
2 1 1385 1699 1700 OR
2 1 1333 1700 1701 XOR
2 1 803 1409 1702 XOR
2 1 1330 1702 1703 XOR
1 1 1703 1704 INV
2 1 1385 1704 1705 OR
2 1 1330 1705 1706 XOR
2 1 1701 1706 1707 AND
2 1 790 1405 1708 XOR
2 1 1327 1708 1709 XOR
1 1 1709 1710 INV
2 1 1385 1710 1711 OR
2 1 1327 1711 1712 XOR
2 1 770 1401 1713 XOR
2 1 1324 1713 1714 XOR
1 1 1714 1715 INV
2 1 1385 1715 1716 OR
2 1 1324 1716 1717 XOR
2 1 1712 1717 1718 AND
1 1 1701 1719 INV
2 1 1706 1719 1720 OR
1 1 1720 1721 INV
1 1 1712 1722 INV
2 1 1717 1722 1723 OR
1 1 1723 1724 INV
2 1 1721 1724 1725 AND
2 1 1718 1725 1726 XOR
2 1 1707 1726 1727 AND
1 1 1726 1728 INV
2 1 1728 1707 1729 AND
2 1 1707 1724 1730 AND
2 1 1721 1730 1731 XOR
2 1 728 1393 1732 XOR
2 1 1318 1732 1733 XOR
1 1 1733 1734 INV
2 1 1385 1734 1735 OR
2 1 1318 1735 1736 XOR
2 1 750 1397 1737 XOR
2 1 1321 1737 1738 XOR
1 1 1738 1739 INV
2 1 1385 1739 1740 OR
2 1 1321 1740 1741 XOR
1 1 1741 1742 INV
2 1 1736 1742 1743 OR
1 1 1743 1744 INV
2 1 1741 1736 1745 AND
2 1 667 405 1746 XOR
2 1 1746 1312 1747 XOR
2 1 1386 1747 1748 AND
2 1 1312 1748 1749 XOR
2 1 706 1389 1750 XOR
2 1 1315 1750 1751 XOR
1 1 1751 1752 INV
2 1 1385 1752 1753 OR
2 1 1315 1753 1754 XOR
2 1 1749 1754 1755 AND
2 1 1745 1755 1756 AND
2 1 1744 1756 1757 XOR
2 1 1731 1757 1758 AND
2 1 1729 1758 1759 XOR
1 1 1749 1760 INV
2 1 1754 1760 1761 AND
2 1 1744 1755 1762 AND
2 1 1761 1762 1763 XOR
1 1 1763 1764 INV
2 1 1764 1745 1765 AND
2 1 1765 1758 1766 XOR
2 1 1759 1766 1767 AND
2 1 1767 1758 1768 XOR
2 1 1727 1768 1769 XOR
2 1 1745 1763 1770 AND
2 1 1770 1768 1771 XOR
2 1 1769 1771 1772 AND
2 1 1772 1768 1773 XOR
2 1 1589 1687 1774 AND
2 1 1670 1774 1775 XOR
2 1 1589 1681 1776 AND
2 1 1672 1776 1777 XOR
2 1 1589 1676 1778 AND
2 1 1674 1778 1779 XOR
2 1 1727 1757 1780 AND
2 1 1731 1780 1781 XOR
2 1 628 1308 1782 XOR
2 1 1386 1308 1783 AND
2 1 1782 1783 1784 XOR
2 1 626 516 1785 AND
2 1 1785 1310 1786 XOR
2 1 1386 1786 1787 AND
2 1 1310 1787 1788 XOR
1 1 1788 1789 INV
2 1 1784 1789 1790 AND
2 1 1773 1790 1791 AND
2 1 1781 1791 1792 XOR
2 1 1779 1792 1793 AND
2 1 1777 1793 1794 XOR
2 1 1727 1766 1795 AND
2 1 1729 1795 1796 XOR
2 1 1788 1784 1797 OR
2 1 1781 1790 1798 AND
2 1 1797 1798 1799 XOR
1 1 1799 1800 INV
2 1 1773 1800 1801 AND
2 1 1796 1801 1802 XOR
2 1 1802 1793 1803 XOR
2 1 1794 1803 1804 AND
2 1 1804 1793 1805 XOR
2 1 1775 1805 1806 XOR
1 1 1771 1807 INV
2 1 1807 1727 1808 AND
2 1 1808 1805 1809 XOR
2 1 1806 1809 1810 AND
2 1 1810 1805 1811 XOR
2 1 1773 1811 1812 XOR
2 1 1691 1812 1813 AND
2 1 1696 1813 1814 XOR
2 1 1691 1809 1815 AND
2 1 1775 1815 1816 XOR
2 1 1691 1803 1817 AND
2 1 1777 1817 1818 XOR
2 1 1691 1792 1819 AND
2 1 1779 1819 1820 XOR
2 1 1820 1508 1821 OR
2 1 1818 1821 1822 XOR
2 1 1821 1507 1823 XOR
1 1 1823 1824 INV
2 1 1822 1824 1825 AND
2 1 1825 1821 1826 XOR
2 1 1816 1826 1827 XOR
2 1 1503 1826 1828 XOR
1 1 1828 1829 INV
2 1 1827 1829 1830 AND
2 1 1830 1826 1831 XOR
2 1 1814 1831 1832 XOR
2 1 1500 1831 1833 XOR
1 1 1833 1834 INV
2 1 1832 1834 1835 AND
2 1 1835 1831 1836 XOR
2 1 1691 1836 1837 XOR
2 1 1495 1836 1838 XOR
1 1 1838 1839 INV
2 1 1837 1839 1840 AND
2 1 1840 1836 1841 XOR
2 1 1694 1841 1842 AND
2 1 1693 1842 1843 AND
2 1 1692 1843 1844 AND
2 1 1508 1507 1845 XOR
2 1 1845 1508 1846 AND
2 1 1846 1503 1847 XOR
2 1 1847 1846 1848 AND
1 1 1848 1849 INV
2 1 1500 1849 1850 XOR
2 1 1848 1850 1851 AND
2 1 1851 1849 1852 XOR
2 1 1495 1852 1853 XOR
2 1 1853 1691 1854 XOR
1 1 1854 1855 INV
2 1 1844 1855 1856 AND
2 1 1691 1856 1857 XOR
1 1 1857 1858 INV
2 1 1850 1814 1859 XOR
1 1 1859 1860 INV
2 1 1844 1860 1861 AND
2 1 1814 1861 1862 XOR
1 1 1862 1863 INV
2 1 1847 1816 1864 XOR
2 1 1844 1864 1865 AND
2 1 1816 1865 1866 XOR
1 1 1866 1867 INV
2 1 1508 1820 1868 XOR
2 1 1844 1868 1869 AND
2 1 1820 1869 1870 XOR
2 1 1788 1749 1871 XOR
2 1 1870 1871 1872 AND
2 1 1749 1872 1873 XOR
2 1 1845 1818 1874 XOR
2 1 1844 1874 1875 AND
2 1 1818 1875 1876 XOR
1 1 1870 1877 INV
2 1 1877 1784 1878 AND
2 1 1878 1873 1879 XOR
2 1 1876 1879 1880 AND
2 1 1873 1880 1881 XOR
2 1 1867 1881 1882 AND
2 1 1863 1882 1883 AND
2 1 1858 1883 1884 AND
1 1 1754 1885 INV
2 1 1885 1884 1886 XOR
2 1 1482 1886 1887 AND
2 1 1884 1887 1888 XOR
1 1 1876 1889 INV
2 1 1784 1788 1890 XOR
2 1 1870 1890 1891 AND
2 1 1788 1891 1892 XOR
2 1 1889 1892 1893 AND
2 1 1867 1893 1894 AND
2 1 1863 1894 1895 AND
2 1 1858 1895 1896 AND
2 1 1749 1896 1897 XOR
2 1 1482 1897 1898 AND
2 1 1896 1898 1899 XOR
1 1 1899 1900 INV
2 1 1512 1900 1901 OR
1 1 1901 1902 INV
2 1 1889 1878 1903 AND
2 1 1867 1903 1904 AND
2 1 1863 1904 1905 AND
2 1 1858 1905 1906 AND
2 1 1788 1906 1907 XOR
2 1 1482 1907 1908 AND
2 1 1906 1908 1909 XOR
2 1 1909 1888 1910 OR
2 1 1786 1308 1911 XOR
2 1 1482 1911 1912 AND
2 1 1308 1912 1913 XOR
2 1 1910 1913 1914 OR
2 1 1902 1914 1915 AND
2 1 1888 1915 1916 XOR
2 1 1513 1916 1917 AND
2 1 78 133 1918 OR
1 1 1918 1919 INV
2 1 32 1917 1920 XOR
2 1 1919 1920 1921 AND
2 1 1917 1921 1922 XOR
2 1 321 108 1923 OR
1 1 1923 1924 INV
2 1 0 1922 1925 XOR
2 1 1924 1925 1926 AND
2 1 1922 1926 1927 XOR
2 1 77 133 1928 AND
2 1 32 1927 1929 XOR
2 1 1928 1929 1930 AND
2 1 1927 1930 1931 XOR
2 1 320 108 1932 AND
2 1 0 1931 1933 XOR
2 1 1932 1933 1934 AND
2 1 1931 1934 2956 XOR
2 1 1749 1885 1935 XOR
2 1 1870 1935 1936 AND
2 1 1885 1936 1937 XOR
2 1 1892 1937 1938 XOR
2 1 1876 1938 1939 AND
2 1 1937 1939 1940 XOR
2 1 1867 1940 1941 AND
2 1 1863 1941 1942 AND
2 1 1858 1942 1943 AND
1 1 1736 1944 INV
2 1 1944 1943 1945 XOR
2 1 1482 1945 1946 AND
2 1 1943 1946 1947 XOR
2 1 1915 1888 1948 AND
2 1 1947 1948 1949 XOR
2 1 1513 1949 1950 AND
2 1 33 1950 1951 XOR
2 1 1919 1951 1952 AND
2 1 1950 1952 1953 XOR
2 1 1 1953 1954 XOR
2 1 1924 1954 1955 AND
2 1 1953 1955 1956 XOR
2 1 33 1956 1957 XOR
2 1 1928 1957 1958 AND
2 1 1956 1958 1959 XOR
2 1 1 1959 1960 XOR
2 1 1932 1960 1961 AND
2 1 1959 1961 2957 XOR
2 1 1754 1736 1962 XOR
2 1 1870 1962 1963 AND
2 1 1944 1963 1964 XOR
2 1 1873 1964 1965 XOR
2 1 1876 1965 1966 AND
2 1 1964 1966 1967 XOR
2 1 1903 1967 1968 XOR
2 1 1866 1968 1969 AND
2 1 1967 1969 1970 XOR
2 1 1863 1970 1971 AND
2 1 1858 1971 1972 AND
2 1 1742 1972 1973 XOR
2 1 1482 1973 1974 AND
2 1 1972 1974 1975 XOR
2 1 1947 1888 1976 XOR
1 1 1976 1977 INV
2 1 1977 1888 1978 AND
2 1 1915 1978 1979 AND
2 1 1975 1979 1980 XOR
2 1 1513 1980 1981 AND
2 1 34 1981 1982 XOR
2 1 1919 1982 1983 AND
2 1 1981 1983 1984 XOR
2 1 2 1984 1985 XOR
2 1 1924 1985 1986 AND
2 1 1984 1986 1987 XOR
2 1 34 1987 1988 XOR
2 1 1928 1988 1989 AND
2 1 1987 1989 1990 XOR
2 1 2 1990 1991 XOR
2 1 1932 1991 1992 AND
2 1 1990 1992 2958 XOR
2 1 1736 1741 1993 XOR
2 1 1870 1993 1994 AND
2 1 1742 1994 1995 XOR
2 1 1937 1995 1996 XOR
2 1 1876 1996 1997 AND
2 1 1995 1997 1998 XOR
2 1 1893 1998 1999 XOR
2 1 1866 1999 2000 AND
2 1 1998 2000 2001 XOR
2 1 1863 2001 2002 AND
2 1 1858 2002 2003 AND
1 1 1717 2004 INV
2 1 2004 2003 2005 XOR
2 1 1482 2005 2006 AND
2 1 2003 2006 2007 XOR
2 1 1975 1978 2008 XOR
1 1 2008 2009 INV
2 1 2009 1978 2010 AND
2 1 1915 2010 2011 AND
2 1 2007 2011 2012 XOR
2 1 1513 2012 2013 AND
2 1 35 2013 2014 XOR
2 1 1919 2014 2015 AND
2 1 2013 2015 2016 XOR
2 1 3 2016 2017 XOR
2 1 1924 2017 2018 AND
2 1 2016 2018 2019 XOR
2 1 35 2019 2020 XOR
2 1 1928 2020 2021 AND
2 1 2019 2021 2022 XOR
2 1 3 2022 2023 XOR
2 1 1932 2023 2024 AND
2 1 2022 2024 2959 XOR
2 1 1741 1717 2025 XOR
2 1 1870 2025 2026 AND
2 1 2004 2026 2027 XOR
2 1 1964 2027 2028 XOR
2 1 1876 2028 2029 AND
2 1 2027 2029 2030 XOR
2 1 1881 2030 2031 XOR
2 1 1866 2031 2032 AND
2 1 2030 2032 2033 XOR
2 1 1863 2033 2034 AND
2 1 1858 2034 2035 AND
2 1 1722 2035 2036 XOR
2 1 1482 2036 2037 AND
2 1 2035 2037 2038 XOR
2 1 2007 2010 2039 XOR
1 1 2039 2040 INV
2 1 2040 2010 2041 AND
2 1 1915 2041 2042 AND
2 1 2038 2042 2043 XOR
2 1 1513 2043 2044 AND
2 1 36 2044 2045 XOR
2 1 1919 2045 2046 AND
2 1 2044 2046 2047 XOR
2 1 4 2047 2048 XOR
2 1 1924 2048 2049 AND
2 1 2047 2049 2050 XOR
2 1 36 2050 2051 XOR
2 1 1928 2051 2052 AND
2 1 2050 2052 2053 XOR
2 1 4 2053 2054 XOR
2 1 1932 2054 2055 AND
2 1 2053 2055 2960 XOR
2 1 1717 1712 2056 XOR
2 1 1870 2056 2057 AND
2 1 1722 2057 2058 XOR
2 1 1995 2058 2059 XOR
2 1 1876 2059 2060 AND
2 1 2058 2060 2061 XOR
2 1 1940 2061 2062 XOR
2 1 1866 2062 2063 AND
2 1 2061 2063 2064 XOR
2 1 1863 2064 2065 AND
2 1 1858 2065 2066 AND
1 1 1706 2067 INV
2 1 2067 2066 2068 XOR
2 1 1482 2068 2069 AND
2 1 2066 2069 2070 XOR
2 1 2038 2041 2071 XOR
1 1 2071 2072 INV
2 1 2072 2041 2073 AND
2 1 1915 2073 2074 AND
2 1 2070 2074 2075 XOR
2 1 1513 2075 2076 AND
2 1 37 2076 2077 XOR
2 1 1919 2077 2078 AND
2 1 2076 2078 2079 XOR
2 1 5 2079 2080 XOR
2 1 1924 2080 2081 AND
2 1 2079 2081 2082 XOR
2 1 37 2082 2083 XOR
2 1 1928 2083 2084 AND
2 1 2082 2084 2085 XOR
2 1 5 2085 2086 XOR
2 1 1932 2086 2087 AND
2 1 2085 2087 2961 XOR
2 1 1712 1706 2088 XOR
2 1 1870 2088 2089 AND
2 1 2067 2089 2090 XOR
2 1 2027 2090 2091 XOR
2 1 1876 2091 2092 AND
2 1 2090 2092 2093 XOR
2 1 1967 2093 2094 XOR
2 1 1866 2094 2095 AND
2 1 2093 2095 2096 XOR
2 1 1904 2096 2097 XOR
2 1 1862 2097 2098 AND
2 1 2096 2098 2099 XOR
2 1 1858 2099 2100 AND
2 1 1719 2100 2101 XOR
2 1 1482 2101 2102 AND
2 1 2100 2102 2103 XOR
2 1 2070 2073 2104 XOR
1 1 2104 2105 INV
2 1 2105 2073 2106 AND
2 1 1915 2106 2107 AND
2 1 2103 2107 2108 XOR
2 1 1513 2108 2109 AND
2 1 38 2109 2110 XOR
2 1 1919 2110 2111 AND
2 1 2109 2111 2112 XOR
2 1 6 2112 2113 XOR
2 1 1924 2113 2114 AND
2 1 2112 2114 2115 XOR
2 1 38 2115 2116 XOR
2 1 1928 2116 2117 AND
2 1 2115 2117 2118 XOR
2 1 6 2118 2119 XOR
2 1 1932 2119 2120 AND
2 1 2118 2120 2962 XOR
2 1 1706 1701 2121 XOR
2 1 1870 2121 2122 AND
2 1 1719 2122 2123 XOR
2 1 2058 2123 2124 XOR
2 1 1876 2124 2125 AND
2 1 2123 2125 2126 XOR
2 1 1998 2126 2127 XOR
2 1 1866 2127 2128 AND
2 1 2126 2128 2129 XOR
2 1 1894 2129 2130 XOR
2 1 1862 2130 2131 AND
2 1 2129 2131 2132 XOR
2 1 1858 2132 2133 AND
1 1 1643 2134 INV
2 1 2134 2133 2135 XOR
2 1 1482 2135 2136 AND
2 1 2133 2136 2137 XOR
2 1 2103 2106 2138 XOR
1 1 2138 2139 INV
2 1 2139 2106 2140 AND
2 1 1915 2140 2141 AND
2 1 2137 2141 2142 XOR
2 1 1513 2142 2143 AND
2 1 39 2143 2144 XOR
2 1 1919 2144 2145 AND
2 1 2143 2145 2146 XOR
2 1 7 2146 2147 XOR
2 1 1924 2147 2148 AND
2 1 2146 2148 2149 XOR
2 1 39 2149 2150 XOR
2 1 1928 2150 2151 AND
2 1 2149 2151 2152 XOR
2 1 7 2152 2153 XOR
2 1 1932 2153 2154 AND
2 1 2152 2154 2963 XOR
2 1 1701 1643 2155 XOR
2 1 1870 2155 2156 AND
2 1 2134 2156 2157 XOR
2 1 2090 2157 2158 XOR
2 1 1876 2158 2159 AND
2 1 2157 2159 2160 XOR
2 1 2030 2160 2161 XOR
2 1 1866 2161 2162 AND
2 1 2160 2162 2163 XOR
2 1 1882 2163 2164 XOR
2 1 1862 2164 2165 AND
2 1 2163 2165 2166 XOR
2 1 1649 2166 2167 XOR
2 1 1482 2167 2168 AND
2 1 2166 2168 2169 XOR
2 1 2137 2140 2170 XOR
1 1 2170 2171 INV
2 1 2171 2140 2172 AND
2 1 1915 2172 2173 AND
2 1 2169 2173 2174 XOR
2 1 1513 2174 2175 AND
2 1 40 2175 2176 XOR
2 1 1919 2176 2177 AND
2 1 2175 2177 2178 XOR
2 1 8 2178 2179 XOR
2 1 1924 2179 2180 AND
2 1 2178 2180 2181 XOR
2 1 40 2181 2182 XOR
2 1 1928 2182 2183 AND
2 1 2181 2183 2184 XOR
2 1 8 2184 2185 XOR
2 1 1932 2185 2186 AND
2 1 2184 2186 2964 XOR
2 1 1643 1648 2187 XOR
2 1 1870 2187 2188 AND
2 1 1649 2188 2189 XOR
2 1 2123 2189 2190 XOR
2 1 1876 2190 2191 AND
2 1 2189 2191 2192 XOR
2 1 2061 2192 2193 XOR
2 1 1866 2193 2194 AND
2 1 2192 2194 2195 XOR
2 1 1941 2195 2196 XOR
2 1 1862 2196 2197 AND
2 1 2195 2197 2198 XOR
1 1 1629 2199 INV
2 1 2199 2198 2200 XOR
2 1 1482 2200 2201 AND
2 1 2198 2201 2202 XOR
2 1 2169 2172 2203 XOR
1 1 2203 2204 INV
2 1 2204 2172 2205 AND
2 1 1915 2205 2206 AND
2 1 2202 2206 2207 XOR
2 1 1513 2207 2208 AND
2 1 41 2208 2209 XOR
2 1 1919 2209 2210 AND
2 1 2208 2210 2211 XOR
2 1 9 2211 2212 XOR
2 1 1924 2212 2213 AND
2 1 2211 2213 2214 XOR
2 1 41 2214 2215 XOR
2 1 1928 2215 2216 AND
2 1 2214 2216 2217 XOR
2 1 9 2217 2218 XOR
2 1 1932 2218 2219 AND
2 1 2217 2219 2965 XOR
2 1 1648 1629 2220 XOR
2 1 1870 2220 2221 AND
2 1 2199 2221 2222 XOR
2 1 2157 2222 2223 XOR
2 1 1876 2223 2224 AND
2 1 2222 2224 2225 XOR
2 1 2093 2225 2226 XOR
2 1 1866 2226 2227 AND
2 1 2225 2227 2228 XOR
2 1 1970 2228 2229 XOR
2 1 1862 2229 2230 AND
2 1 2228 2230 2231 XOR
2 1 1635 2231 2232 XOR
2 1 1482 2232 2233 AND
2 1 2231 2233 2234 XOR
2 1 2202 2205 2235 XOR
1 1 2235 2236 INV
2 1 2236 2205 2237 AND
2 1 1915 2237 2238 AND
2 1 2234 2238 2239 XOR
2 1 1513 2239 2240 AND
2 1 42 2240 2241 XOR
2 1 1919 2241 2242 AND
2 1 2240 2242 2243 XOR
2 1 10 2243 2244 XOR
2 1 1924 2244 2245 AND
2 1 2243 2245 2246 XOR
2 1 42 2246 2247 XOR
2 1 1928 2247 2248 AND
2 1 2246 2248 2249 XOR
2 1 10 2249 2250 XOR
2 1 1932 2250 2251 AND
2 1 2249 2251 2966 XOR
2 1 1629 1634 2252 XOR
2 1 1870 2252 2253 AND
2 1 1635 2253 2254 XOR
2 1 2189 2254 2255 XOR
2 1 1876 2255 2256 AND
2 1 2254 2256 2257 XOR
2 1 2126 2257 2258 XOR
2 1 1866 2258 2259 AND
2 1 2257 2259 2260 XOR
2 1 2001 2260 2261 XOR
2 1 1862 2261 2262 AND
2 1 2260 2262 2263 XOR
1 1 1610 2264 INV
2 1 2264 2263 2265 XOR
2 1 1482 2265 2266 AND
2 1 2263 2266 2267 XOR
2 1 2234 2237 2268 XOR
1 1 2268 2269 INV
2 1 2269 2237 2270 AND
2 1 1915 2270 2271 AND
2 1 2267 2271 2272 XOR
2 1 1513 2272 2273 AND
2 1 43 2273 2274 XOR
2 1 1919 2274 2275 AND
2 1 2273 2275 2276 XOR
2 1 11 2276 2277 XOR
2 1 1924 2277 2278 AND
2 1 2276 2278 2279 XOR
2 1 43 2279 2280 XOR
2 1 1928 2280 2281 AND
2 1 2279 2281 2282 XOR
2 1 11 2282 2283 XOR
2 1 1932 2283 2284 AND
2 1 2282 2284 2967 XOR
2 1 1634 1610 2285 XOR
2 1 1870 2285 2286 AND
2 1 2264 2286 2287 XOR
2 1 2222 2287 2288 XOR
2 1 1876 2288 2289 AND
2 1 2287 2289 2290 XOR
2 1 2160 2290 2291 XOR
2 1 1866 2291 2292 AND
2 1 2290 2292 2293 XOR
2 1 2033 2293 2294 XOR
2 1 1862 2294 2295 AND
2 1 2293 2295 2296 XOR
2 1 1615 2296 2297 XOR
2 1 1482 2297 2298 AND
2 1 2296 2298 2299 XOR
2 1 2267 2270 2300 XOR
1 1 2300 2301 INV
2 1 2301 2270 2302 AND
2 1 1915 2302 2303 AND
2 1 2299 2303 2304 XOR
2 1 1513 2304 2305 AND
2 1 44 2305 2306 XOR
2 1 1919 2306 2307 AND
2 1 2305 2307 2308 XOR
2 1 12 2308 2309 XOR
2 1 1924 2309 2310 AND
2 1 2308 2310 2311 XOR
2 1 44 2311 2312 XOR
2 1 1928 2312 2313 AND
2 1 2311 2313 2314 XOR
2 1 12 2314 2315 XOR
2 1 1932 2315 2316 AND
2 1 2314 2316 2968 XOR
2 1 1610 1605 2317 XOR
2 1 1870 2317 2318 AND
2 1 1615 2318 2319 XOR
2 1 2254 2319 2320 XOR
2 1 1876 2320 2321 AND
2 1 2319 2321 2322 XOR
2 1 2192 2322 2323 XOR
2 1 1866 2323 2324 AND
2 1 2322 2324 2325 XOR
2 1 2064 2325 2326 XOR
2 1 1862 2326 2327 AND
2 1 2325 2327 2328 XOR
1 1 1599 2329 INV
2 1 2329 2328 2330 XOR
2 1 1482 2330 2331 AND
2 1 2328 2331 2332 XOR
2 1 2299 2302 2333 XOR
1 1 2333 2334 INV
2 1 2334 2302 2335 AND
2 1 1915 2335 2336 AND
2 1 2332 2336 2337 XOR
2 1 1513 2337 2338 AND
2 1 45 2338 2339 XOR
2 1 1919 2339 2340 AND
2 1 2338 2340 2341 XOR
2 1 13 2341 2342 XOR
2 1 1924 2342 2343 AND
2 1 2341 2343 2344 XOR
2 1 45 2344 2345 XOR
2 1 1928 2345 2346 AND
2 1 2344 2346 2347 XOR
2 1 13 2347 2348 XOR
2 1 1932 2348 2349 AND
2 1 2347 2349 2969 XOR
2 1 1605 1599 2350 XOR
2 1 1870 2350 2351 AND
2 1 2329 2351 2352 XOR
2 1 2287 2352 2353 XOR
2 1 1876 2353 2354 AND
2 1 2352 2354 2355 XOR
2 1 2225 2355 2356 XOR
2 1 1866 2356 2357 AND
2 1 2355 2357 2358 XOR
2 1 2096 2358 2359 XOR
2 1 1862 2359 2360 AND
2 1 2358 2360 2361 XOR
2 1 1905 2361 2362 XOR
2 1 1857 2362 2363 AND
2 1 2361 2363 2364 XOR
2 1 1612 2364 2365 XOR
2 1 1482 2365 2366 AND
2 1 2364 2366 2367 XOR
2 1 2332 2335 2368 XOR
1 1 2368 2369 INV
2 1 2369 2335 2370 AND
2 1 1915 2370 2371 AND
2 1 2367 2371 2372 XOR
2 1 1513 2372 2373 AND
2 1 46 2373 2374 XOR
2 1 1919 2374 2375 AND
2 1 2373 2375 2376 XOR
2 1 14 2376 2377 XOR
2 1 1924 2377 2378 AND
2 1 2376 2378 2379 XOR
2 1 46 2379 2380 XOR
2 1 1928 2380 2381 AND
2 1 2379 2381 2382 XOR
2 1 14 2382 2383 XOR
2 1 1932 2383 2384 AND
2 1 2382 2384 2970 XOR
2 1 1599 1594 2385 XOR
2 1 1870 2385 2386 AND
2 1 1612 2386 2387 XOR
2 1 2319 2387 2388 XOR
2 1 1876 2388 2389 AND
2 1 2387 2389 2390 XOR
2 1 2257 2390 2391 XOR
2 1 1866 2391 2392 AND
2 1 2390 2392 2393 XOR
2 1 2129 2393 2394 XOR
2 1 1862 2394 2395 AND
2 1 2393 2395 2396 XOR
2 1 1895 2396 2397 XOR
2 1 1857 2397 2398 AND
2 1 2396 2398 2399 XOR
1 1 1564 2400 INV
2 1 2400 2399 2401 XOR
2 1 1482 2401 2402 AND
2 1 2399 2402 2403 XOR
2 1 2367 2370 2404 XOR
1 1 2404 2405 INV
2 1 2405 2370 2406 AND
2 1 1915 2406 2407 AND
2 1 2403 2407 2408 XOR
2 1 1513 2408 2409 AND
2 1 47 2409 2410 XOR
2 1 1919 2410 2411 AND
2 1 2409 2411 2412 XOR
2 1 15 2412 2413 XOR
2 1 1924 2413 2414 AND
2 1 2412 2414 2415 XOR
2 1 47 2415 2416 XOR
2 1 1928 2416 2417 AND
2 1 2415 2417 2418 XOR
2 1 15 2418 2419 XOR
2 1 1932 2419 2420 AND
2 1 2418 2420 2971 XOR
2 1 1594 1564 2421 XOR
2 1 1870 2421 2422 AND
2 1 2400 2422 2423 XOR
2 1 2352 2423 2424 XOR
2 1 1876 2424 2425 AND
2 1 2423 2425 2426 XOR
2 1 2290 2426 2427 XOR
2 1 1866 2427 2428 AND
2 1 2426 2428 2429 XOR
2 1 2163 2429 2430 XOR
2 1 1862 2430 2431 AND
2 1 2429 2431 2432 XOR
2 1 1883 2432 2433 XOR
2 1 1857 2433 2434 AND
2 1 2432 2434 2435 XOR
2 1 1569 2435 2436 XOR
2 1 1482 2436 2437 AND
2 1 2435 2437 2438 XOR
2 1 2403 2406 2439 XOR
1 1 2439 2440 INV
2 1 2440 2406 2441 AND
2 1 1915 2441 2442 AND
2 1 2438 2442 2443 XOR
2 1 1513 2443 2444 AND
2 1 48 2444 2445 XOR
2 1 1919 2445 2446 AND
2 1 2444 2446 2447 XOR
2 1 16 2447 2448 XOR
2 1 1924 2448 2449 AND
2 1 2447 2449 2450 XOR
2 1 48 2450 2451 XOR
2 1 1928 2451 2452 AND
2 1 2450 2452 2453 XOR
2 1 16 2453 2454 XOR
2 1 1932 2454 2455 AND
2 1 2453 2455 2972 XOR
2 1 1564 1559 2456 XOR
2 1 1870 2456 2457 AND
2 1 1569 2457 2458 XOR
2 1 2387 2458 2459 XOR
2 1 1876 2459 2460 AND
2 1 2458 2460 2461 XOR
2 1 2322 2461 2462 XOR
2 1 1866 2462 2463 AND
2 1 2461 2463 2464 XOR
2 1 2195 2464 2465 XOR
2 1 1862 2465 2466 AND
2 1 2464 2466 2467 XOR
2 1 1942 2467 2468 XOR
2 1 1857 2468 2469 AND
2 1 2467 2469 2470 XOR
1 1 1553 2471 INV
2 1 2471 2470 2472 XOR
2 1 1482 2472 2473 AND
2 1 2470 2473 2474 XOR
2 1 2438 2441 2475 XOR
1 1 2475 2476 INV
2 1 2476 2441 2477 AND
2 1 1915 2477 2478 AND
2 1 2474 2478 2479 XOR
2 1 1513 2479 2480 AND
2 1 49 2480 2481 XOR
2 1 1919 2481 2482 AND
2 1 2480 2482 2483 XOR
2 1 17 2483 2484 XOR
2 1 1924 2484 2485 AND
2 1 2483 2485 2486 XOR
2 1 49 2486 2487 XOR
2 1 1928 2487 2488 AND
2 1 2486 2488 2489 XOR
2 1 17 2489 2490 XOR
2 1 1932 2490 2491 AND
2 1 2489 2491 2973 XOR
2 1 1559 1553 2492 XOR
2 1 1870 2492 2493 AND
2 1 2471 2493 2494 XOR
2 1 2423 2494 2495 XOR
2 1 1876 2495 2496 AND
2 1 2494 2496 2497 XOR
2 1 2355 2497 2498 XOR
2 1 1866 2498 2499 AND
2 1 2497 2499 2500 XOR
2 1 2228 2500 2501 XOR
2 1 1862 2501 2502 AND
2 1 2500 2502 2503 XOR
2 1 1971 2503 2504 XOR
2 1 1857 2504 2505 AND
2 1 2503 2505 2506 XOR
2 1 1566 2506 2507 XOR
2 1 1482 2507 2508 AND
2 1 2506 2508 2509 XOR
2 1 2474 2477 2510 XOR
1 1 2510 2511 INV
2 1 2511 2477 2512 AND
2 1 1915 2512 2513 AND
2 1 2509 2513 2514 XOR
2 1 1513 2514 2515 AND
2 1 50 2515 2516 XOR
2 1 1919 2516 2517 AND
2 1 2515 2517 2518 XOR
2 1 18 2518 2519 XOR
2 1 1924 2519 2520 AND
2 1 2518 2520 2521 XOR
2 1 50 2521 2522 XOR
2 1 1928 2522 2523 AND
2 1 2521 2523 2524 XOR
2 1 18 2524 2525 XOR
2 1 1932 2525 2526 AND
2 1 2524 2526 2974 XOR
2 1 1553 1548 2527 XOR
2 1 1870 2527 2528 AND
2 1 1566 2528 2529 XOR
2 1 2458 2529 2530 XOR
2 1 1876 2530 2531 AND
2 1 2529 2531 2532 XOR
2 1 2390 2532 2533 XOR
2 1 1866 2533 2534 AND
2 1 2532 2534 2535 XOR
2 1 2260 2535 2536 XOR
2 1 1862 2536 2537 AND
2 1 2535 2537 2538 XOR
2 1 2002 2538 2539 XOR
2 1 1857 2539 2540 AND
2 1 2538 2540 2541 XOR
1 1 1534 2542 INV
2 1 2542 2541 2543 XOR
2 1 1482 2543 2544 AND
2 1 2541 2544 2545 XOR
2 1 2509 2512 2546 XOR
1 1 2546 2547 INV
2 1 2547 2512 2548 AND
2 1 1915 2548 2549 AND
2 1 2545 2549 2550 XOR
2 1 1513 2550 2551 AND
2 1 51 2551 2552 XOR
2 1 1919 2552 2553 AND
2 1 2551 2553 2554 XOR
2 1 19 2554 2555 XOR
2 1 1924 2555 2556 AND
2 1 2554 2556 2557 XOR
2 1 51 2557 2558 XOR
2 1 1928 2558 2559 AND
2 1 2557 2559 2560 XOR
2 1 19 2560 2561 XOR
2 1 1932 2561 2562 AND
2 1 2560 2562 2975 XOR
2 1 1548 1534 2563 XOR
2 1 1870 2563 2564 AND
2 1 2542 2564 2565 XOR
2 1 2494 2565 2566 XOR
2 1 1876 2566 2567 AND
2 1 2565 2567 2568 XOR
2 1 2426 2568 2569 XOR
2 1 1866 2569 2570 AND
2 1 2568 2570 2571 XOR
2 1 2293 2571 2572 XOR
2 1 1862 2572 2573 AND
2 1 2571 2573 2574 XOR
2 1 2034 2574 2575 XOR
2 1 1857 2575 2576 AND
2 1 2574 2576 2577 XOR
2 1 1538 2577 2578 XOR
2 1 1482 2578 2579 AND
2 1 2577 2579 2580 XOR
2 1 2545 2548 2581 XOR
1 1 2581 2582 INV
2 1 2582 2548 2583 AND
2 1 1915 2583 2584 AND
2 1 2580 2584 2585 XOR
2 1 1513 2585 2586 AND
2 1 52 2586 2587 XOR
2 1 1919 2587 2588 AND
2 1 2586 2588 2589 XOR
2 1 20 2589 2590 XOR
2 1 1924 2590 2591 AND
2 1 2589 2591 2592 XOR
2 1 52 2592 2593 XOR
2 1 1928 2593 2594 AND
2 1 2592 2594 2595 XOR
2 1 20 2595 2596 XOR
2 1 1932 2596 2597 AND
2 1 2595 2597 2976 XOR
2 1 1534 1529 2598 XOR
2 1 1870 2598 2599 AND
2 1 1538 2599 2600 XOR
2 1 2529 2600 2601 XOR
2 1 1876 2601 2602 AND
2 1 2600 2602 2603 XOR
2 1 2461 2603 2604 XOR
2 1 1866 2604 2605 AND
2 1 2603 2605 2606 XOR
2 1 2325 2606 2607 XOR
2 1 1862 2607 2608 AND
2 1 2606 2608 2609 XOR
2 1 2065 2609 2610 XOR
2 1 1857 2610 2611 AND
2 1 2609 2611 2612 XOR
1 1 1523 2613 INV
2 1 2613 2612 2614 XOR
2 1 1482 2614 2615 AND
2 1 2612 2615 2616 XOR
2 1 2580 2583 2617 XOR
1 1 2617 2618 INV
2 1 2618 2583 2619 AND
2 1 1915 2619 2620 AND
2 1 2616 2620 2621 XOR
2 1 1513 2621 2622 AND
2 1 53 2622 2623 XOR
2 1 1919 2623 2624 AND
2 1 2622 2624 2625 XOR
2 1 21 2625 2626 XOR
2 1 1924 2626 2627 AND
2 1 2625 2627 2628 XOR
2 1 53 2628 2629 XOR
2 1 1928 2629 2630 AND
2 1 2628 2630 2631 XOR
2 1 21 2631 2632 XOR
2 1 1932 2632 2633 AND
2 1 2631 2633 2977 XOR
2 1 1529 1523 2634 XOR
2 1 1870 2634 2635 AND
2 1 2613 2635 2636 XOR
2 1 2565 2636 2637 XOR
2 1 1876 2637 2638 AND
2 1 2636 2638 2639 XOR
2 1 2497 2639 2640 XOR
2 1 1866 2640 2641 AND
2 1 2639 2641 2642 XOR
2 1 2358 2642 2643 XOR
2 1 1862 2643 2644 AND
2 1 2642 2644 2645 XOR
2 1 2099 2645 2646 XOR
2 1 1857 2646 2647 AND
2 1 2645 2647 2648 XOR
2 1 1517 2648 2649 XOR
2 1 1482 2649 2650 AND
2 1 2648 2650 2651 XOR
2 1 2616 2619 2652 XOR
1 1 2652 2653 INV
2 1 2653 2619 2654 AND
2 1 1915 2654 2655 AND
2 1 2651 2655 2656 XOR
2 1 1513 2656 2657 AND
2 1 54 2657 2658 XOR
2 1 1919 2658 2659 AND
2 1 2657 2659 2660 XOR
2 1 22 2660 2661 XOR
2 1 1924 2661 2662 AND
2 1 2660 2662 2663 XOR
2 1 320 77 2664 AND
1 1 2664 2665 INV
2 1 2665 108 2666 OR
2 1 2666 133 2667 OR
1 1 2667 2668 INV
2 1 1385 2668 2669 AND
2 1 2663 2669 2670 XOR
2 1 54 2670 2671 XOR
2 1 1928 2671 2672 AND
2 1 2670 2672 2673 XOR
2 1 22 2673 2674 XOR
2 1 1932 2674 2675 AND
2 1 2673 2675 2978 XOR
2 1 1517 2613 2676 OR
2 1 1482 2676 2677 OR
2 1 1535 1554 2678 AND
2 1 1565 1600 2679 AND
2 1 2678 2679 2680 AND
1 1 2680 2681 INV
2 1 2677 2681 2682 OR
2 1 1611 1638 2683 AND
2 1 1656 1707 2684 AND
2 1 2683 2684 2685 AND
1 1 2685 2686 INV
2 1 1718 1745 2687 AND
1 1 2687 2688 INV
2 1 1885 1749 2689 OR
2 1 2689 1797 2690 OR
2 1 2688 2690 2691 OR
2 1 2686 2691 2692 OR
2 1 2682 2692 2693 OR
2 1 1844 1868 2694 OR
1 1 2694 2695 INV
2 1 1508 2695 2696 XOR
2 1 1482 2696 2697 AND
2 1 2695 2697 2698 XOR
2 1 2693 2698 2699 AND
2 1 1385 1384 2700 AND
2 1 1508 1820 2701 AND
1 1 2701 2702 INV
2 1 1507 2702 2703 XOR
2 1 1818 2701 2704 XOR
2 1 2703 2704 2705 AND
2 1 2705 2702 2706 XOR
2 1 1503 2706 2707 XOR
2 1 1816 2706 2708 XOR
1 1 2708 2709 INV
2 1 2707 2709 2710 AND
2 1 2710 2706 2711 XOR
2 1 1500 2711 2712 XOR
2 1 1814 2711 2713 XOR
1 1 2713 2714 INV
2 1 2712 2714 2715 AND
2 1 2715 2711 2716 XOR
2 1 1495 2716 2717 XOR
2 1 1691 2716 2718 XOR
1 1 2718 2719 INV
2 1 2717 2719 2720 AND
2 1 2720 2716 2721 XOR
2 1 1492 2721 2722 XOR
1 1 2721 2723 INV
2 1 2722 2723 2724 AND
2 1 2724 2721 2725 XOR
2 1 1488 2725 2726 XOR
1 1 2725 2727 INV
2 1 2726 2727 2728 AND
2 1 2728 2725 2729 XOR
2 1 1485 2729 2730 XOR
2 1 1844 2730 2731 OR
1 1 1845 2732 INV
2 1 2732 1508 2733 OR
2 1 2733 1503 2734 XOR
1 1 2734 2735 INV
2 1 2735 2733 2736 OR
2 1 2736 1500 2737 XOR
1 1 2737 2738 INV
2 1 2738 2736 2739 OR
2 1 2739 1495 2740 XOR
1 1 2740 2741 INV
2 1 2741 2739 2742 OR
2 1 2742 1492 2743 XOR
1 1 2743 2744 INV
2 1 2744 2742 2745 OR
2 1 2745 1488 2746 XOR
1 1 2746 2747 INV
2 1 2747 2745 2748 OR
2 1 2748 1485 2749 XOR
2 1 2749 2731 2750 XOR
2 1 1482 2750 2751 AND
2 1 2731 2751 2752 XOR
1 1 2752 2753 INV
2 1 2693 2753 2754 AND
2 1 1844 2726 2755 OR
2 1 2746 2755 2756 XOR
2 1 1482 2756 2757 AND
2 1 2755 2757 2758 XOR
1 1 2758 2759 INV
2 1 2693 2759 2760 AND
2 1 2754 2760 2761 OR
2 1 1844 2722 2762 OR
2 1 2743 2762 2763 XOR
2 1 1482 2763 2764 AND
2 1 2762 2764 2765 XOR
1 1 2765 2766 INV
2 1 2693 2766 2767 AND
1 1 1844 2768 INV
2 1 1495 2719 2769 XOR
2 1 2768 2769 2770 AND
2 1 2741 2770 2771 XOR
2 1 1482 2771 2772 AND
2 1 2770 2772 2773 XOR
2 1 2693 2773 2774 AND
2 1 2767 2774 2775 OR
2 1 2761 2775 2776 OR
2 1 1500 2714 2777 XOR
2 1 2768 2777 2778 AND
2 1 2738 2778 2779 XOR
2 1 1482 2779 2780 AND
2 1 2778 2780 2781 XOR
2 1 2693 2781 2782 AND
2 1 1503 2709 2783 XOR
2 1 2768 2783 2784 AND
2 1 2735 2784 2785 XOR
2 1 1482 2785 2786 AND
2 1 2784 2786 2787 XOR
2 1 2693 2787 2788 AND
2 1 2782 2788 2789 OR
2 1 1507 2704 2790 XOR
2 1 2768 2790 2791 AND
2 1 2732 2791 2792 XOR
2 1 1482 2792 2793 AND
2 1 2791 2793 2794 XOR
2 1 2693 2794 2795 AND
2 1 2795 2699 2796 OR
2 1 2789 2796 2797 OR
2 1 2776 2797 2798 OR
2 1 2700 2798 2799 OR
1 1 2799 2800 INV
2 1 2651 2654 2801 XOR
1 1 2801 2802 INV
2 1 2802 2654 2803 AND
2 1 2799 2803 2804 XOR
2 1 2800 2804 2805 AND
1 1 2804 2806 INV
2 1 2806 2803 2807 AND
2 1 2700 2807 2808 XOR
2 1 2805 2808 2809 OR
2 1 2754 2760 2810 AND
2 1 2767 2774 2811 AND
2 1 2810 2811 2812 AND
2 1 2782 2788 2813 AND
2 1 2795 2699 2814 AND
2 1 2813 2814 2815 AND
2 1 2812 2815 2816 AND
1 1 2816 2817 INV
2 1 2809 2817 2818 AND
2 1 1915 2818 2819 AND
2 1 2699 2819 2820 XOR
2 1 55 2820 2821 XOR
2 1 1919 2821 2822 AND
2 1 2820 2822 2823 XOR
2 1 23 2823 2824 XOR
2 1 1924 2824 2825 AND
2 1 2823 2825 2826 XOR
2 1 55 2826 2827 XOR
2 1 1928 2827 2828 AND
2 1 2826 2828 2829 XOR
2 1 23 2829 2830 XOR
2 1 1932 2830 2831 AND
2 1 2829 2831 2979 XOR
2 1 2794 2698 2832 XOR
2 1 2832 2693 2833 AND
2 1 2833 2816 2834 XOR
2 1 2834 2795 2835 XOR
2 1 2809 2835 2836 AND
2 1 1915 2836 2837 AND
2 1 2795 2837 2838 XOR
2 1 56 2838 2839 XOR
2 1 1919 2839 2840 AND
2 1 2838 2840 2841 XOR
2 1 24 2841 2842 XOR
2 1 1924 2842 2843 AND
2 1 2841 2843 2844 XOR
2 1 56 2844 2845 XOR
2 1 1928 2845 2846 AND
2 1 2844 2846 2847 XOR
2 1 24 2847 2848 XOR
2 1 1932 2848 2849 AND
2 1 2847 2849 2980 XOR
2 1 2788 2814 2850 XOR
2 1 2850 2816 2851 XOR
2 1 2851 2788 2852 XOR
2 1 2809 2852 2853 AND
2 1 1915 2853 2854 AND
2 1 2788 2854 2855 XOR
2 1 57 2855 2856 XOR
2 1 1919 2856 2857 AND
2 1 2855 2857 2858 XOR
2 1 25 2858 2859 XOR
2 1 1924 2859 2860 AND
2 1 2858 2860 2861 XOR
2 1 57 2861 2862 XOR
2 1 1928 2862 2863 AND
2 1 2861 2863 2864 XOR
2 1 25 2864 2865 XOR
2 1 1932 2865 2866 AND
2 1 2864 2866 2981 XOR
1 1 2850 2867 INV
2 1 2867 2814 2868 AND
2 1 2817 2868 2869 AND
2 1 2809 2869 2870 AND
2 1 1915 2870 2871 AND
2 1 2782 2871 2872 XOR
2 1 58 2872 2873 XOR
2 1 1919 2873 2874 AND
2 1 2872 2874 2875 XOR
2 1 26 2875 2876 XOR
2 1 1924 2876 2877 AND
2 1 2875 2877 2878 XOR
2 1 58 2878 2879 XOR
2 1 1928 2879 2880 AND
2 1 2878 2880 2881 XOR
2 1 26 2881 2882 XOR
2 1 1932 2882 2883 AND
2 1 2881 2883 2982 XOR
2 1 2774 2815 2884 XOR
2 1 2884 2816 2885 XOR
2 1 2885 2774 2886 XOR
2 1 2809 2886 2887 AND
2 1 1915 2887 2888 AND
2 1 2774 2888 2889 XOR
2 1 59 2889 2890 XOR
2 1 1919 2890 2891 AND
2 1 2889 2891 2892 XOR
2 1 27 2892 2893 XOR
2 1 1924 2893 2894 AND
2 1 2892 2894 2895 XOR
2 1 59 2895 2896 XOR
2 1 1928 2896 2897 AND
2 1 2895 2897 2898 XOR
2 1 27 2898 2899 XOR
2 1 1932 2899 2900 AND
2 1 2898 2900 2983 XOR
1 1 2884 2901 INV
2 1 2901 2815 2902 AND
2 1 2767 2902 2903 XOR
2 1 2903 2816 2904 XOR
2 1 2904 2767 2905 XOR
2 1 2809 2905 2906 AND
2 1 1915 2906 2907 AND
2 1 2767 2907 2908 XOR
2 1 60 2908 2909 XOR
2 1 1919 2909 2910 AND
2 1 2908 2910 2911 XOR
2 1 28 2911 2912 XOR
2 1 1924 2912 2913 AND
2 1 2911 2913 2914 XOR
2 1 60 2914 2915 XOR
2 1 1928 2915 2916 AND
2 1 2914 2916 2917 XOR
2 1 28 2917 2918 XOR
2 1 1932 2918 2919 AND
2 1 2917 2919 2984 XOR
1 1 2903 2920 INV
2 1 2920 2902 2921 AND
2 1 2760 2921 2922 XOR
2 1 2922 2816 2923 XOR
2 1 2923 2760 2924 XOR
2 1 2809 2924 2925 AND
2 1 1915 2925 2926 AND
2 1 2760 2926 2927 XOR
2 1 2927 2910 2928 XOR
2 1 2928 2913 2929 XOR
2 1 2929 2916 2930 XOR
2 1 2930 2919 2985 XOR
1 1 2922 2931 INV
2 1 2931 2921 2932 AND
2 1 2932 2816 2933 XOR
2 1 2809 2933 2934 AND
2 1 1915 2934 2935 AND
2 1 2754 2935 2936 XOR
2 1 2936 2910 2937 XOR
2 1 2937 2913 2938 XOR
2 1 2938 2916 2939 XOR
2 1 2939 2919 2986 XOR
1 1 2669 2940 INV
2 1 333 1385 2941 AND
2 1 63 2941 2942 XOR
2 1 2942 2700 2943 OR
2 1 63 2943 2944 XOR
2 1 1919 2944 2945 AND
2 1 2943 2945 2946 XOR
2 1 31 2946 2947 XOR
2 1 1924 2947 2948 AND
2 1 2946 2948 2949 XOR
2 1 2940 2949 2950 AND
2 1 63 2950 2951 XOR
2 1 1928 2951 2952 AND
2 1 2950 2952 2953 XOR
2 1 31 2953 2954 XOR
2 1 1932 2954 2955 AND
2 1 2953 2955 2987 XOR
